X=[0.22222222222222213 0.625 0.06779661016949151 0.04166666666666667 0.04869888475836431 0.003081664098613251 0.14179104477611934;
0.1666666666666668 0.41666666666666663 0.06779661016949151 0.04166666666666667 0.04869888475836431 0.003081664098613251 0.11194029850746276;
0.11111111111111119 0.5 0.05084745762711865 0.04166666666666667 0.03977695167286245 0.002311248073959939 0.082089552238806;
0.08333333333333327 0.4583333333333333 0.0847457627118644 0.04166666666666667 0.057620817843866176 0.0038520801232665644 0.06716417910447758;
0.19444444444444448 0.6666666666666666 0.06779661016949151 0.04166666666666667 0.04869888475836431 0.003081664098613251 0.12686567164179108;
0.30555555555555564 0.7916666666666665 0.11864406779661016 0.12500000000000003 0.11933085501858737 0.01617873651771957 0.2313432835820896;
0.08333333333333327 0.5833333333333333 0.06779661016949151 0.08333333333333333 0.07063197026022303 0.006163328197226501 0.08955223880597012;
0.19444444444444448 0.5833333333333333 0.0847457627118644 0.04166666666666667 0.057620817843866176 0.0038520801232665644 0.12686567164179108;
0.027777777777777922 0.37499999999999994 0.06779661016949151 0.04166666666666667 0.04869888475836431 0.003081664098613251 0.03731343283582097;
0.1666666666666668 0.4583333333333333 0.0847457627118644 0.0 0.03568773234200743 0.0 0.08955223880597021;
0.30555555555555564 0.7083333333333334 0.0847457627118644 0.04166666666666667 0.057620817843866176 0.0038520801232665644 0.18656716417910452;
0.13888888888888887 0.5833333333333333 0.1016949152542373 0.04166666666666667 0.06654275092936804 0.004622496147919878 0.0970149253731343;
0.13888888888888887 0.41666666666666663 0.06779661016949151 0.0 0.026765799256505563 0.0 0.07462686567164177;
0.0 0.41666666666666663 0.016949152542372895 0.0 0.0 0.0 0.0;
0.41666666666666663 0.8333333333333333 0.033898305084745756 0.04166666666666667 0.03085501858736059 0.0015408320493066254 0.2462686567164179;
0.38888888888888895 1.0 0.0847457627118644 0.12500000000000003 0.10148698884758366 0.011556240369799693 0.27611940298507465;
0.30555555555555564 0.7916666666666665 0.05084745762711865 0.12500000000000003 0.08364312267657995 0.006933744221879818 0.2313432835820896;
0.22222222222222213 0.625 0.06779661016949151 0.08333333333333333 0.07063197026022303 0.006163328197226501 0.1641791044776119;
0.38888888888888895 0.7499999999999999 0.11864406779661016 0.08333333333333333 0.09739776951672863 0.010785824345146378 0.2537313432835821;
0.22222222222222213 0.7499999999999999 0.0847457627118644 0.08333333333333333 0.07955390334572489 0.007704160246533127 0.1641791044776119;
0.30555555555555564 0.5833333333333333 0.11864406779661016 0.04166666666666667 0.07546468401486987 0.00539291217257319 0.18656716417910452;
0.22222222222222213 0.7083333333333334 0.0847457627118644 0.12500000000000003 0.10148698884758366 0.011556240369799693 0.18656716417910443;
0.08333333333333327 0.6666666666666666 0.0 0.04166666666666667 0.013011152416356872 0.0 0.06716417910447758;
0.22222222222222213 0.5416666666666665 0.11864406779661016 0.16666666666666669 0.14126394052044608 0.02157164869029276 0.20895522388059698;
0.13888888888888887 0.5833333333333333 0.15254237288135591 0.04166666666666667 0.09330855018587361 0.006933744221879815 0.0970149253731343;
0.19444444444444448 0.41666666666666663 0.1016949152542373 0.04166666666666667 0.06654275092936804 0.004622496147919878 0.12686567164179108;
0.19444444444444448 0.5833333333333333 0.1016949152542373 0.12500000000000003 0.11040892193308552 0.013867488443759636 0.17164179104477617;
0.25000000000000006 0.625 0.0847457627118644 0.04166666666666667 0.057620817843866176 0.0038520801232665644 0.1567164179104478;
0.25000000000000006 0.5833333333333333 0.06779661016949151 0.04166666666666667 0.04869888475836431 0.003081664098613251 0.1567164179104478;
0.11111111111111119 0.5 0.1016949152542373 0.04166666666666667 0.06654275092936804 0.004622496147919878 0.082089552238806;
0.13888888888888887 0.4583333333333333 0.1016949152542373 0.04166666666666667 0.06654275092936804 0.004622496147919878 0.0970149253731343;
0.30555555555555564 0.5833333333333333 0.0847457627118644 0.12500000000000003 0.10148698884758366 0.011556240369799693 0.2313432835820896;
0.25000000000000006 0.8749999999999998 0.0847457627118644 0.0 0.03568773234200743 0.0 0.13432835820895525;
0.3333333333333333 0.9166666666666666 0.06779661016949151 0.04166666666666667 0.04869888475836431 0.003081664098613251 0.20149253731343283;
0.1666666666666668 0.4583333333333333 0.0847457627118644 0.0 0.03568773234200743 0.0 0.08955223880597021;
0.19444444444444448 0.5 0.033898305084745756 0.04166666666666667 0.03085501858736059 0.0015408320493066254 0.12686567164179108;
0.3333333333333333 0.625 0.05084745762711865 0.04166666666666667 0.03977695167286245 0.002311248073959939 0.20149253731343283;
0.1666666666666668 0.4583333333333333 0.0847457627118644 0.0 0.03568773234200743 0.0 0.08955223880597021;
0.027777777777777922 0.41666666666666663 0.05084745762711865 0.04166666666666667 0.03977695167286245 0.002311248073959939 0.03731343283582097;
0.22222222222222213 0.5833333333333333 0.0847457627118644 0.04166666666666667 0.057620817843866176 0.0038520801232665644 0.14179104477611934;
0.19444444444444448 0.625 0.05084745762711865 0.08333333333333333 0.06171003717472119 0.004622496147919877 0.1492537313432836;
0.055555555555555594 0.12499999999999992 0.05084745762711865 0.08333333333333333 0.06171003717472119 0.004622496147919877 0.07462686567164181;
0.027777777777777922 0.5 0.05084745762711865 0.04166666666666667 0.03977695167286245 0.002311248073959939 0.03731343283582097;
0.19444444444444448 0.625 0.1016949152542373 0.20833333333333334 0.15427509293680297 0.023112480739599386 0.2164179104477612;
0.22222222222222213 0.7499999999999999 0.15254237288135591 0.12500000000000003 0.1371747211895911 0.02080123266563945 0.18656716417910443;
0.13888888888888887 0.41666666666666663 0.06779661016949151 0.08333333333333333 0.07063197026022303 0.006163328197226501 0.11940298507462685;
0.22222222222222213 0.7499999999999999 0.1016949152542373 0.04166666666666667 0.06654275092936804 0.004622496147919878 0.14179104477611934;
0.08333333333333327 0.5 0.06779661016949151 0.04166666666666667 0.04869888475836431 0.003081664098613251 0.06716417910447758;
0.27777777777777773 0.7083333333333334 0.0847457627118644 0.04166666666666667 0.057620817843866176 0.0038520801232665644 0.17164179104477612;
0.19444444444444448 0.5416666666666665 0.06779661016949151 0.04166666666666667 0.04869888475836431 0.003081664098613251 0.12686567164179108;
0.7499999999999999 0.5 0.6271186440677966 0.5416666666666666 0.6063197026022306 0.3705701078582434 0.6940298507462686;
0.5833333333333334 0.5 0.5932203389830508 0.5833333333333334 0.6104089219330855 0.37750385208012327 0.6268656716417911;
0.7222222222222222 0.4583333333333333 0.6610169491525424 0.5833333333333334 0.6460966542750931 0.4206471494607088 0.7014925373134329;
0.3333333333333333 0.12499999999999992 0.5084745762711864 0.5 0.5219330855018587 0.2773497688751926 0.4477611940298507;
0.611111111111111 0.3333333333333332 0.6101694915254237 0.5833333333333334 0.6193308550185873 0.3882896764252697 0.6417910447761194;
0.38888888888888895 0.3333333333333332 0.5932203389830508 0.5 0.5665427509293681 0.3235747303543914 0.4776119402985075;
0.5555555555555555 0.5416666666666665 0.6271186440677966 0.625 0.650185873605948 0.4275808936825886 0.6343283582089551;
0.1666666666666668 0.1666666666666666 0.38983050847457623 0.375 0.3936802973977695 0.15947611710323575 0.291044776119403;
0.6388888888888887 0.37499999999999994 0.6101694915254237 0.5 0.5754646840148699 0.3328197226502311 0.6119402985074627;
0.25000000000000006 0.29166666666666674 0.4915254237288135 0.5416666666666666 0.5349442379182155 0.29044684129429893 0.4253731343283582;
0.19444444444444448 0.0 0.423728813559322 0.375 0.4115241635687732 0.17334360554699538 0.30597014925373134;
0.44444444444444453 0.41666666666666663 0.5423728813559322 0.5833333333333334 0.58364312267658 0.34514637904468415 0.5522388059701493;
0.4722222222222222 0.0833333333333334 0.5084745762711864 0.375 0.4561338289962825 0.20801232665639446 0.4552238805970149;
0.4999999999999999 0.37499999999999994 0.6271186440677966 0.5416666666666666 0.6063197026022306 0.3705701078582434 0.5597014925373134;
0.361111111111111 0.37499999999999994 0.4406779661016949 0.5 0.48624535315985123 0.24036979969183359 0.462686567164179;
0.6666666666666666 0.4583333333333333 0.576271186440678 0.5416666666666666 0.579553903345725 0.3405238828967643 0.6492537313432836;
0.361111111111111 0.41666666666666663 0.5932203389830508 0.5833333333333334 0.6104089219330855 0.37750385208012327 0.5074626865671642;
0.41666666666666663 0.29166666666666674 0.5254237288135593 0.375 0.46505576208178434 0.21494607087827425 0.42537313432835816;
0.5277777777777778 0.0833333333333334 0.5932203389830508 0.5833333333333334 0.6104089219330855 0.37750385208012327 0.5970149253731344;
0.361111111111111 0.20833333333333331 0.4915254237288135 0.4166666666666667 0.4691449814126394 0.22342064714946072 0.41791044776119396;
0.44444444444444453 0.5 0.6440677966101694 0.7083333333333334 0.7029739776951673 0.49768875192604006 0.6194029850746269;
0.4999999999999999 0.3333333333333332 0.5084745762711864 0.5 0.5219330855018587 0.2773497688751926 0.5373134328358208;
0.5555555555555555 0.20833333333333331 0.6610169491525424 0.5833333333333334 0.6460966542750931 0.4206471494607088 0.6119402985074627;
0.4999999999999999 0.3333333333333332 0.6271186440677966 0.4583333333333333 0.5624535315985131 0.3135593220338983 0.5149253731343283;
0.5833333333333334 0.37499999999999994 0.559322033898305 0.5 0.5486988847583643 0.30508474576271183 0.582089552238806;
0.6388888888888887 0.41666666666666663 0.576271186440678 0.5416666666666666 0.579553903345725 0.3405238828967643 0.6343283582089551;
0.6944444444444443 0.3333333333333332 0.6440677966101694 0.5416666666666666 0.6152416356877324 0.3805855161787364 0.6641791044776119;
0.6666666666666666 0.41666666666666663 0.6779661016949152 0.6666666666666666 0.6988847583643122 0.49306625577812013 0.7164179104477612;
0.4722222222222222 0.37499999999999994 0.5932203389830508 0.5833333333333334 0.6104089219330855 0.37750385208012327 0.5671641791044776;
0.38888888888888895 0.25 0.423728813559322 0.375 0.4115241635687732 0.17334360554699538 0.41044776119402987;
0.3333333333333333 0.1666666666666666 0.47457627118644063 0.4166666666666667 0.4602230483271375 0.21571648690292758 0.40298507462686567;
0.3333333333333333 0.1666666666666666 0.4576271186440678 0.375 0.42936802973977695 0.187211093990755 0.38059701492537307;
0.41666666666666663 0.29166666666666674 0.4915254237288135 0.4583333333333333 0.4910780669144981 0.24576271186440676 0.47014925373134325;
0.4722222222222222 0.29166666666666674 0.6949152542372881 0.625 0.6858736059479554 0.47380585516178736 0.5895522388059702;
0.30555555555555564 0.41666666666666663 0.5932203389830508 0.5833333333333334 0.6104089219330855 0.37750385208012327 0.47761194029850756;
0.4722222222222222 0.5833333333333333 0.5932203389830508 0.625 0.6323420074349443 0.40446841294298924 0.5895522388059702;
0.6666666666666666 0.4583333333333333 0.6271186440677966 0.5833333333333334 0.6282527881040892 0.3990755007704161 0.6716417910447761;
0.5555555555555555 0.12499999999999992 0.576271186440678 0.5 0.5576208178438662 0.31432973805855163 0.5671641791044775;
0.361111111111111 0.41666666666666663 0.5254237288135593 0.5 0.5308550185873606 0.28659476117103233 0.462686567164179;
0.3333333333333333 0.20833333333333331 0.5084745762711864 0.5 0.5219330855018587 0.2773497688751926 0.4477611940298507;
0.3333333333333333 0.25 0.576271186440678 0.4583333333333333 0.5356877323420075 0.288135593220339 0.42537313432835816;
0.4999999999999999 0.41666666666666663 0.6101694915254237 0.5416666666666666 0.5973977695167286 0.3605546995377503 0.5597014925373134;
0.41666666666666663 0.25 0.5084745762711864 0.4583333333333333 0.49999999999999994 0.2542372881355932 0.47014925373134325;
0.19444444444444448 0.12499999999999992 0.38983050847457623 0.375 0.3936802973977695 0.15947611710323575 0.30597014925373134;
0.361111111111111 0.29166666666666674 0.5423728813559322 0.5 0.5397769516728624 0.29583975346687214 0.462686567164179;
0.38888888888888895 0.41666666666666663 0.5423728813559322 0.4583333333333333 0.5178438661710038 0.2711864406779661 0.45522388059701496;
0.38888888888888895 0.37499999999999994 0.5423728813559322 0.5 0.5397769516728624 0.29583975346687214 0.4776119402985075;
0.5277777777777778 0.37499999999999994 0.559322033898305 0.5 0.5486988847583643 0.30508474576271183 0.5522388059701492;
0.22222222222222213 0.20833333333333331 0.3389830508474576 0.4166666666666667 0.3888475836431227 0.15408320493066258 0.34328358208955223;
0.38888888888888895 0.3333333333333332 0.5254237288135593 0.5 0.5308550185873606 0.28659476117103233 0.4776119402985075;
0.5555555555555555 0.5416666666666665 0.847457627118644 1.0 0.9635687732342008 0.9244992295839753 0.8358208955223879;
0.41666666666666663 0.29166666666666674 0.6949152542372881 0.75 0.7516728624535316 0.5685670261941448 0.626865671641791;
0.7777777777777776 0.41666666666666663 0.8305084745762712 0.8333333333333334 0.8669144981412641 0.7550077041602465 0.8656716417910446;
0.5555555555555555 0.37499999999999994 0.7796610169491525 0.7083333333333334 0.7743494423791821 0.6024653312788906 0.6791044776119403;
0.611111111111111 0.41666666666666663 0.8135593220338982 0.8750000000000001 0.879925650557621 0.7765793528505394 0.7985074626865671;
0.9166666666666665 0.41666666666666663 0.9491525423728813 0.8333333333333334 0.929368029739777 0.8628659476117103 0.9402985074626865;
0.1666666666666668 0.20833333333333331 0.5932203389830508 0.6666666666666666 0.6542750929368031 0.43143297380585516 0.4477611940298508;
0.8333333333333333 0.37499999999999994 0.8983050847457626 0.7083333333333334 0.8368029739776952 0.6941448382126348 0.8283582089552238;
0.6666666666666666 0.20833333333333331 0.8135593220338982 0.7083333333333334 0.7921933085501859 0.6286594761171033 0.7388059701492538;
0.8055555555555556 0.6666666666666666 0.8644067796610169 1.0 0.9724907063197026 0.9429892141756548 0.9701492537313433;
0.611111111111111 0.5 0.6949152542372881 0.7916666666666666 0.7736059479553903 0.6001540832049306 0.753731343283582;
0.5833333333333334 0.29166666666666674 0.7288135593220338 0.75 0.7695167286245352 0.5963020030816641 0.7164179104477613;
0.6944444444444443 0.41666666666666663 0.7627118644067796 0.8333333333333334 0.8312267657992565 0.6933744221879815 0.8208955223880596;
0.38888888888888895 0.20833333333333331 0.6779661016949152 0.7916666666666666 0.7646840148698885 0.5855161787365176 0.6343283582089552;
0.41666666666666663 0.3333333333333332 0.6949152542372881 0.9583333333333333 0.8613382899628252 0.726502311248074 0.7388059701492538;
0.5833333333333334 0.5 0.7288135593220338 0.9166666666666666 0.8572490706319703 0.7288135593220338 0.8059701492537313;
0.611111111111111 0.41666666666666663 0.7627118644067796 0.7083333333333334 0.7654275092936803 0.5893682588597843 0.708955223880597;
0.9444444444444444 0.7499999999999999 0.9661016949152542 0.8750000000000001 0.9602230483271377 0.9221879815100156 0.9776119402985075;
0.9444444444444444 0.25 1.0 0.9166666666666666 1.0 1.0 1.0;
0.4722222222222222 0.0833333333333334 0.6779661016949152 0.5833333333333334 0.6550185873605949 0.4314329738058552 0.5671641791044776;
0.7222222222222222 0.5 0.7966101694915254 0.9166666666666666 0.8929368029739777 0.7966101694915253 0.8805970149253731;
0.361111111111111 0.3333333333333332 0.6610169491525424 0.7916666666666666 0.7557620817843866 0.5708782742681048 0.6194029850746268;
0.9444444444444444 0.3333333333333332 0.9661016949152542 0.7916666666666666 0.9163568773234201 0.8343605546995377 0.9328358208955224;
0.5555555555555555 0.29166666666666674 0.6610169491525424 0.7083333333333334 0.7118959107806693 0.5107858243451464 0.6791044776119403;
0.6666666666666666 0.5416666666666665 0.7966101694915254 0.8333333333333334 0.8490706319702603 0.7241910631741141 0.8059701492537313;
0.8055555555555556 0.5 0.847457627118644 0.7083333333333334 0.8100371747211897 0.6548536209553159 0.8134328358208954;
0.5277777777777778 0.3333333333333332 0.6440677966101694 0.7083333333333334 0.7029739776951673 0.49768875192604006 0.664179104477612;
0.4999999999999999 0.41666666666666663 0.6610169491525424 0.7083333333333334 0.7118959107806693 0.5107858243451464 0.6492537313432836;
0.5833333333333334 0.3333333333333332 0.7796610169491525 0.8333333333333334 0.8401486988847584 0.7087827426810478 0.7611940298507462;
0.8055555555555556 0.41666666666666663 0.8135593220338982 0.625 0.7483271375464685 0.5546995377503852 0.7686567164179104;
0.8611111111111112 0.3333333333333332 0.8644067796610169 0.75 0.8408921933085503 0.7072419106317411 0.8656716417910448;
1.0 0.7499999999999999 0.9152542372881356 0.7916666666666666 0.8895910780669146 0.7904468412942989 0.962686567164179;
0.5833333333333334 0.3333333333333332 0.7796610169491525 0.8750000000000001 0.8620817843866172 0.7442218798151002 0.7835820895522388;
0.5555555555555555 0.3333333333333332 0.6949152542372881 0.5833333333333334 0.6639405204460967 0.4422187981510015 0.6119402985074627;
0.4999999999999999 0.25 0.7796610169491525 0.5416666666666666 0.6866171003717473 0.46070878274268096 0.5597014925373134;
0.9444444444444444 0.41666666666666663 0.8644067796610169 0.9166666666666666 0.9286245353159851 0.8644067796610169 1.0;
0.5555555555555555 0.5833333333333333 0.7796610169491525 0.9583333333333333 0.9059479553903346 0.8151001540832048 0.8134328358208954;
0.5833333333333334 0.4583333333333333 0.7627118644067796 0.7083333333333334 0.7654275092936803 0.5893682588597843 0.6940298507462687;
0.4722222222222222 0.41666666666666663 0.6440677966101694 0.7083333333333334 0.7029739776951673 0.49768875192604006 0.6343283582089552;
0.7222222222222222 0.4583333333333333 0.7457627118644068 0.8333333333333334 0.8223048327137547 0.6779661016949153 0.835820895522388;
0.6666666666666666 0.4583333333333333 0.7796610169491525 0.9583333333333333 0.9059479553903346 0.8151001540832048 0.8731343283582089;
0.7222222222222222 0.4583333333333333 0.6949152542372881 0.9166666666666666 0.8394052044609664 0.6949152542372881 0.8805970149253731;
0.41666666666666663 0.29166666666666674 0.6949152542372881 0.75 0.7516728624535316 0.5685670261941448 0.626865671641791;
0.6944444444444443 0.5 0.8305084745762712 0.9166666666666666 0.9107806691449815 0.8305084745762712 0.8656716417910446;
0.6666666666666666 0.5416666666666665 0.7966101694915254 1.0 0.9368029739776953 0.8690292758089369 0.8955223880597014;
0.6666666666666666 0.41666666666666663 0.711864406779661 0.9166666666666666 0.8483271375464685 0.711864406779661 0.8507462686567163;
0.5555555555555555 0.20833333333333331 0.6779661016949152 0.75 0.7427509293680298 0.5546995377503852 0.7014925373134328;
0.611111111111111 0.41666666666666663 0.711864406779661 0.7916666666666666 0.7825278810408922 0.6147919876733435 0.753731343283582;
0.5277777777777778 0.5833333333333333 0.7457627118644068 0.9166666666666666 0.8661710037174722 0.7457627118644068 0.7761194029850746;
0.44444444444444453 0.41666666666666663 0.6949152542372881 0.7083333333333334 0.7297397769516729 0.536979969183359 0.6194029850746269]

Y=
Vector{Any}([1, 1, 1, 1, 1, 1, 1, 1, 1, 1, 1, 1, 1, 1, 1, 1, 1, 1, 1, 1, 1, 1, 1, 1, 1, 1, 1, 1, 1, 1, 1, 1, 1, 1, 1, 1, 1, 1, 1, 1, 1, 1, 1, 1, 1, 1, 1, 1, 1, 1, 2, 2, 2, 2, 2, 2, 2, 2, 2, 2, 2, 2, 2, 2, 2, 2, 2, 2, 2, 2, 2, 2, 2, 2, 2, 2, 2, 2, 2, 2, 2, 2, 2, 2, 2, 2, 2, 2, 2, 2, 2, 2, 2, 2, 2, 2, 2, 2, 2, 2, 3, 3, 3, 3, 3, 3, 3, 3, 3, 3, 3, 3, 3, 3, 3, 3, 3, 3, 3, 3, 3, 3, 3, 3, 3, 3, 3, 3, 3, 3, 3, 3, 3, 3, 3, 3, 3, 3, 3, 3, 3, 3, 3, 3, 3, 3, 3, 3, 3, 3])
