X=[0.5020661157024793 0.570780399274047 0.48648648648648646 0.48610121168923714 0.18930164220052273 0.3451501723289019 0.0834550741440091 0.09423622155520986 0.06509977644407346;
0.44628099173553726 0.6624319419237747 0.3688063063063065 0.5010691375623664 0.03288301759221938 0.21516494337764666 0.046177293286383696 0.0609960943032251 0.10565297893874209;
0.3471074380165289 0.8793103448275864 0.22072072072072094 0.50392017106201 0.25145301590191005 0.15066469719350079 0.0332483320915453 0.14884863744940674 0.23873871091026835;
0.31611570247933873 0.7931034482758617 0.23930180180180172 0.5338560228082679 0.19424254638598865 0.14081733136386 0.03421265611199925 0.062486425476785255 0.1062253451004543;
0.5330578512396694 0.8647912885662429 0.4273648648648651 0.6642908054169634 0.076701036289641 0.32299359921221066 0.2744974806786791 0.3942038682812719 0.43257157151154885;
0.37190082644628114 0.7894736842105262 0.2742117117117118 0.48610121168923714 0.22063737663992516 0.21516494337764666 0.02687868277373624 0.1024330430097945 0.16519601875422846;
0.4297520661157025 0.6515426497277677 0.3738738738738738 0.4483250178189592 0.3667841214942335 0.34465780403742013 0.008544421899501949 0.053561403676451 0.07465193172065387;
0.34917355371900816 0.7531760435571687 0.29335585585585583 0.47897362794012827 0.2515830396962645 0.23682914820285572 0.05414470908706915 0.08052700178440782 0.0984581242985485;
0.6301652892561985 0.6043557168784031 0.6497747747747749 0.5951532430506056 0.16576733542238234 0.6686361398325947 0.30004198014936084 0.34564282336063257 0.24790080924701488;
0.5867768595041322 0.7250453720508166 0.5546171171171174 0.6236635780470419 0.15653564602322226 0.4992614475627771 0.28645402257802943 0.3782487116018027 0.33530324201518896;
0.5041322314049586 0.5580762250453722 0.4588963963963967 0.4362081254454739 0.4912168926913626 0.3914327917282127 0.039775365340274635 0.04277803547405878 0.053071607549419;
0.3615702479338843 0.6488203266787662 0.30349099099099086 0.40698503207412684 0.12376964984592183 0.23732151649433791 0.10856916628606901 0.03485704522400028 0.004532292050893212;
0.33264462809917344 0.7250453720508166 0.3040540540540541 0.4055595153243049 0.4187936392359803 0.10782865583456443 0.1362884383384438 0.05826469049739085 0.0479627095874662;
0.340909090909091 0.6152450090744102 0.3265765765765766 0.3749109052031362 0.30827341403476843 0.17380600689315598 0.15673156959492543 0.04825306054501758 0.06585602659170744;
0.3388429752066117 0.6016333938294005 0.3282657657657659 0.344975053456878 0.2817485599864776 0.15066469719350079 0.18595852257746565 0.06347871186019663 0.08358241860741204;
0.3863636363636362 0.8275862068965515 0.2545045045045045 0.5010691375623664 0.44466837431249917 0.12900049236829128 0.0 0.12593773194762548 0.22464154433475558;
0.2933884297520661 1.0 0.12387387387387375 0.5367070563079115 0.5810633345902301 0.12900049236829128 0.052365349702047745 0.17929733004268134 0.31446063423016135;
0.4834710743801653 0.8865698729582581 0.3536036036036037 0.6300784034212399 0.10842684211210653 0.25947808961102914 0.1979648529800704 0.3278188801307789 0.4011295903614753;
0.37190082644628114 0.9727767695099818 0.17229729729729734 0.5958660014255167 0.13027083956364016 0.06400787789266367 0.06482358090084865 0.20637124468952234 0.3724519257850048;
0.23966942148760334 0.5490018148820328 0.18412162162162163 0.2986457590876692 0.43387639938108685 0.1944854751354011 0.31884425551598183 0.31477308207111165 0.25522443113163085;
0.4111570247933885 0.45644283121597123 0.4273648648648651 0.35566642908054164 0.29995189119608895 0.32348596750369285 0.1101508190727547 0.12234026812314279 0.16598194714728387;
0.38223140495867763 0.5816696914700541 0.34966216216216195 0.38346400570206707 0.2500227541640121 0.34465780403742013 0.11118104529265373 0.06164907586603544 0.057096704442833435;
0.5144628099173554 0.8230490018148823 0.40484234234234256 0.6250890947968638 0.0 0.2816346627277204 0.22171250880873533 0.312133862289249 0.36434976478476333;
0.16942148760330586 0.5290381125226854 0.11261261261261273 0.21810406272273694 0.08450246395090302 0.21762678483505674 0.45655833327099593 0.4315892067111712 0.3572243208981487;
0.48553719008264457 0.5226860254083485 0.501126126126126 0.4383464005702067 0.13339141062814497 0.23732151649433791 0.02474562903822305 0.051512524567440134 0.006982867172892393;
0.5681818181818182 0.6969147005444647 0.525900900900901 0.5637918745545257 0.017930281241467193 0.3879862136878387 0.21479143292413924 0.3056518351972377 0.2824717254144508;
0.2789256198347107 0.5081669691470051 0.27927927927927904 0.2822523164647183 0.3390890532967534 0.15066469719350079 0.2979640178346081 0.24539960146225265 0.25700936560630533;
0.26033057851239666 0.43829401088929243 0.27927927927927904 0.23235923022095506 0.22609837600280855 0.17232890201870985 0.3605132747652137 0.3346315492060283 0.357037771926923;
0.3657024793388429 0.6705989110707803 0.36148648648648674 0.421240199572345 0.25860432459140026 0.25553914327917293 0.09177620991314575 0.062077954673524664 0.023779179317775682;
0.33264462809917344 0.47459165154265 0.34740990990990994 0.3100498930862437 0.35963281280474335 0.2845888724766127 0.22351605154702237 0.201270399506071 0.2342334321194925;
0.2913223140495868 0.5272232304900176 0.3124999999999999 0.24590163934426235 0.011702141491893013 0.26440177252584934 0.31984085816473523 0.17863876797201683 0.22144634809190095;
0.5227272727272726 0.5834845735027218 0.48310810810810795 0.5281539558089806 0.34415998127657366 0.3490891186607581 0.14073081017614997 0.10614582075828782 0.10282506612494702;
0.4132231404958678 0.40653357531760403 0.46058558558558543 0.3962936564504632 0.410212068808592 0.38404726735598244 0.07115958102955286 0.14365252591247962 0.2200769090531367;
0.3636363636363636 0.5871143375680581 0.38626126126126126 0.3706343549536706 0.17668933414814916 0.24273756770063984 0.1398807806796321 0.00795669804308234 0.07196550539932046;
0.46900826446280985 0.6333938294010889 0.4577702702702702 0.49750534568781163 0.17733945311992097 0.4140817331363862 0.06367903453905448 0.1375249915711338 0.09851748078939274;
0.5351239669421487 0.8339382940108894 0.4560810810810809 0.6094084105488238 0.1956728081238867 0.4549483013293942 0.2262611055133024 0.39147507451251917 0.400023015782164;
0.5909090909090908 0.5925589836660611 0.5219594594594593 0.5944404846756948 0.26757596640185155 0.49630723781388486 0.263538886370928 0.16734988530191958 0.19017662190096962;
0.6136363636363638 0.9056261343012707 0.5253378378378378 0.7505345687811829 0.2848691310509824 0.4751354012801576 0.42685395119614844 0.5714697567483971 0.569850415586288;
0.4359504132231404 0.6733212341197818 0.4262387387387386 0.4689950106913754 0.3051528429702636 0.38897095027080264 0.007449664040962393 0.1482470239021101 0.10628470159129853;
0.3636363636363636 0.7831215970961883 0.28040540540540554 0.4761225944404846 0.7697278601984163 0.23732151649433791 0.0435398347477691 0.10223076513597458 0.14866947580344714;
0.2975206611570247 0.7168784029038111 0.25281531531531526 0.3749109052031362 0.23689035093422103 0.3244707040866568 0.1963576206613551 0.012658679845481491 0.0;
0.2975206611570247 0.6996370235934661 0.2545045045045045 0.37633642195295786 0.192942308442445 0.32348596750369285 0.19505571598660032 0.032519757017479556 0.01949436749299397;
0.23553719008264476 0.8421052631578949 0.13457207207207203 0.40698503207412684 0.22050735284557077 0.12998522895125567 0.22367340985998319 0.0037401831378502384 0.07052241585763205;
0.5061983471074378 0.6705989110707803 0.5506756756756755 0.5459729151817532 0.5130608901428962 0.4967996061053666 0.1419089801090892 0.3036838672377541 0.18263410781440287;
0.440082644628099 0.8212341197822136 0.38288288288288275 0.5930149679258732 0.3072332236799335 0.32545544066962073 0.12448928037001347 0.28177260593820386 0.27819805807366305;
0.33677685950413205 0.6470054446460974 0.2685810810810813 0.37419814682822505 0.10335591413228623 0.21762678483505674 0.16115643155767756 0.08175680154223888 0.03461755341024281;
0.48553719008264457 0.7078039927404717 0.4515765765765764 0.5438346400570204 0.07826132182189341 0.3018217626784833 0.12108657497008579 0.22464150426031967 0.2013398819290372;
0.4442148760330579 0.7277676950998182 0.3778153153153155 0.5324305060584459 0.2851291786396911 0.32299359921221066 0.07293224131830425 0.15593880318141645 0.1771902696541149;
0.4359504132231404 0.6696914700544465 0.36373873873873874 0.4711332858161082 0.25210313487368197 0.2914820285573608 0.00940252105309483 0.06379535907317956 0.10218062422435295;
0.4669421487603305 0.5399274047186934 0.4386261261261261 0.4476122594440484 0.17733945311992097 0.40965041851304773 0.016225416109945837 0.0013441690969942111 0.008513416686805084;
0.4111570247933885 0.6079854809437384 0.38626126126126126 0.4575908766928009 0.4173633774980822 0.3077301821762679 0.017064634827779163 0.013755728145845544 0.004378086310394311;
0.5165289256198348 0.7640653357531758 0.4363738738738741 0.5730577334283677 0.6277418767634477 0.30379123584441164 0.17607994299286847 0.2770758442099689 0.2999946094615455;
0.4545454545454544 0.4147005444646096 0.45945945945945943 0.34426229508196715 0.4356967325020479 0.431806991629739 0.08094000540436462 0.1346609481665653 0.16412069718438246;
0.3863636363636362 0.6805807622504535 0.3406531531531529 0.4055595153243049 0.33323798255080683 0.3471196454948302 0.08722761320857879 0.048219962789073784 0.05842641097343998;
0.45247933884297514 0.43194192377495455 0.474099099099099 0.34426229508196715 0.09308403437829126 0.4766125061546037 0.08282696021705167 0.09394697973158314 0.1469624315810447;
0.48760330578512384 0.5235934664246823 0.45213963963963966 0.4148253741981469 0.15185478942646505 0.4529788281634663 0.005151156717454276 0.004946020269523131 0.0036207459414998476;
0.4008264462809916 0.6687840290381126 0.2753378378378378 0.5324305060584459 0.2648454667204099 0.25849335302806475 0.03330619025187457 0.04531546380974145 0.06144087275845963;
0.4173553719008264 0.8393829401088925 0.2730855855855858 0.5573770491803277 0.04900596809216086 0.2801575578532743 0.07118516056158249 0.1647320181091331 0.2730213241221744;
0.48760330578512384 0.7041742286751363 0.4296171171171171 0.5623663578047041 0.1604363598538533 0.34613490891186627 0.13989829055458677 0.19196253498086688 0.19957190645174783;
0.21900826446281002 0.28221415607985406 0.1463963963963963 0.28652886671418387 0.09581453405973295 0.0 0.3487799933782696 0.7036542520170029 0.5802351364987303;
0.0929752066115701 0.5462794918330303 0.06137387387387387 0.15680684248039922 0.2515830396962645 0.04332840965041856 0.5823575623548803 0.47500586854409066 0.4241657233224375;
0.04545454545454559 0.688747731397459 0.0016891891891892535 0.17747683535281542 0.19554278432953234 0.09059576563269335 0.6068799052627377 0.3692863165562094 0.31681103013189815;
0.1611570247933883 0.7640653357531758 0.09966216216216195 0.2936564504632928 0.31919541276053526 0.04234367306745461 0.39510520475973476 0.14798388244929944 0.10082971894701591;
0.2954545454545454 0.5435571687840288 0.27927927927927904 0.31361368496079817 0.441027708070577 0.2801575578532743 0.2542264764885032 0.20020419935826184 0.19830579616133082;
0.23966942148760334 0.576225045372051 0.20439189189189166 0.2822523164647183 0.053426777100209336 0.12949286065977347 0.33381615927566327 0.25412104037022637 0.22444385087953533;
0.2252066115702479 0.7241379310344829 0.13513513513513528 0.34853884533143276 0.20633475926094477 0.04332840965041856 0.28648627558836987 0.15367245826852047 0.07355541140407726;
0.40495867768595023 0.5852994555353904 0.4115990990990991 0.3991446899501068 0.0712400369267576 0.3106843919251602 0.07610359093079172 0.017142251259147607 0.027295506289667756;
0.3884297520661155 0.4936479128856626 0.3997747747747748 0.37633642195295786 0.18878154702310526 0.3018217626784833 0.11202970422836715 0.11006134867302626 0.1496122749223062;
0.40909090909090917 0.5852994555353904 0.37725225225225223 0.3727726300784034 0.09087362987426699 0.3845396356474642 0.09641491778838293 0.021779454426931386 0.02262330251035483;
0.27685950413223137 0.34210526315789447 0.2888513513513513 0.17961511047754822 0.35989286039345203 0.2698178237321517 0.3935881092296481 0.4452462257403423 0.447107007033744;
0.737603305785124 0.5372050816696909 0.7274774774774775 0.6635780470420526 0.4304957807278732 0.7587395371738058 0.4606550547973265 0.3591184448126357 0.2934526762206384;
0.6735537190082644 0.49183303085299396 0.6188063063063065 0.6086956521739129 0.508380033546139 0.6686361398325947 0.352036125625962 0.16239603492115237 0.16973255055446765;
0.6859504132231405 0.6188747731397455 0.6075450450450449 0.6870990734141124 0.49069679751394507 0.6262924667651405 0.43496261161360433 0.310254635590537 0.3273918697355179;
0.7954545454545457 0.9074410163339384 0.7066441441441441 0.9265858873841767 0.28226865516389504 0.7680945347119644 0.7536912020448461 0.8053264692175268 0.7774794205595139;
0.640495867768595 0.6397459165154268 0.6295045045045048 0.6101211689237349 0.4211340675343588 0.6509108813392419 0.3231467532977231 0.3649518776898847 0.2995960730230203;
0.6632231404958676 0.5054446460980035 0.5788288288288287 0.5759087669280114 0.5402358631629588 0.6282619399310684 0.3126575440431636 0.128725251550713 0.1734423312322345;
0.7231404958677686 0.4700544464609798 0.6559684684684686 0.5509622238061296 0.3977297845505728 0.690792712949286 0.34459590180287925 0.18204178403392338 0.2011745317045425;
0.9958677685950414 0.6188747731397455 0.9459459459459459 0.8439059158945116 0.4792547036107608 0.9512555391432791 0.861215347739712 0.7424128303854841 0.6778071531839603;
0.8429752066115699 0.6070780399274045 0.8704954954954958 0.719173200285103 0.5589592895499876 0.9074347612013788 0.6076640325598103 0.6309929574115152 0.49159736190682035;
0.6487603305785126 0.7359346642468237 0.5354729729729728 0.667141838916607 0.2721267992042544 0.6041358936484493 0.3827707595386677 0.36770677182945166 0.41769853080571584;
0.6053719008264462 0.6733212341197818 0.5495495495495496 0.5965787598004276 0.6198104253078314 0.6701132447070408 0.2787004270718704 0.3057223061984387 0.2978450565431137;
0.7809917355371904 0.8130671506352091 0.623310810810811 0.8745545260156806 0.592765476082123 0.6696208764155587 0.6929629977274823 0.5783837449774035 0.6544206957913224;
0.9256198347107439 0.7377495462794914 0.7804054054054056 0.8795438346400567 0.5731318831346136 0.8212703101920238 0.8296065009772223 0.6828178537026235 0.7327882227031305;
0.8946280991735533 0.6333938294010889 0.8361486486486489 0.8139700641482533 0.09191382022910193 0.863613983259478 0.7414145637481895 0.620736816699594 0.5797544700585867;
0.8884297520661159 0.6343012704174227 0.8260135135135134 0.8346400570206699 0.2856492738171086 0.8202855736090594 0.7546313170940749 0.6089524992764287 0.5737721837313549;
0.7603305785123966 0.7159709618874772 0.7173423423423424 0.7277263007840339 0.2181669245471922 0.826193993106844 0.5399972681008554 0.5744699943736298 0.5212756073289515;
0.7954545454545457 0.8058076225045374 0.6672297297297296 0.8082679971489661 0.11492803182982488 0.7828655834564254 0.6456331140401887 0.6251999801090316 0.6625652542850242;
0.878099173553719 0.4618874773139742 0.9290540540540544 0.7412687099073412 0.380436619901442 0.9743968488429348 0.6599217868341929 0.5203587055990898 0.3671479993531349;
0.9917355371900828 0.8239564428312162 0.9425675675675679 1.0 0.6520563263077144 0.8429345150172329 1.0 1.0 0.9050153206371011;
0.9586776859504134 0.8620689655172414 0.873310810810811 0.9992872416250889 0.552718147420978 0.8872476612506154 0.9691577706596283 0.9602269499329138 0.910730502755534;
0.9462809917355368 0.6034482758620692 0.9470720720720724 0.8232359230220954 0.15471531290226115 0.9502708025603152 0.7970508144512745 0.7241504009259322 0.6042983790226889;
0.7830578512396693 0.819419237749546 0.7167792792792792 0.8310762651461151 0.30619303332509856 0.7552929591334319 0.6551418599601442 0.7058605660770216 0.6639389330731331;
0.8016528925619832 0.7486388384754985 0.7730855855855858 0.7576621525302921 0.32140581726455947 0.7552929591334319 0.6050763625244507 0.6873762834655374 0.604934341424591;
0.7520661157024795 0.8938294010889288 0.6407657657657658 0.8766928011404131 0.6807915848600294 0.6686361398325947 0.6684984873619946 0.7038129919865516 0.7130309907506835;
0.8491735537190082 0.3366606170598904 0.9949324324324328 0.6094084105488238 0.5419261724895655 0.9497784342688333 0.5130782370417444 0.4445671438067165 0.19285190373830724;
0.6694214876033059 0.514519056261343 0.6981981981981984 0.593727726300784 0.38108673887321387 0.7129492860659772 0.3345922169156613 0.29275564197733595 0.19071083031856872;
0.8636363636363636 0.6660617059891101 0.8119369369369371 0.8410548823948679 0.3526115279096075 0.8463810930576073 0.7378464303782263 0.6315358451244755 0.5816496380162568;
0.859504132231405 0.5499092558983667 0.8727477477477478 0.6571632216678545 0.1792898100352365 0.9522402757262435 0.5661268177094695 0.5608612610304672 0.4456469584946709;
0.7954545454545457 0.5045372050816697 0.7725225225225225 0.6286528866714183 0.2714766802324826 0.863613983259478 0.481593125021071 0.37492482937845795 0.3219268328285006;
0.8119834710743802 0.6615245009074409 0.7432432432432435 0.751247327156094 0.18501085698682865 0.7769571639586413 0.6086525655514895 0.5380156064557253 0.5181169940661677;
0.5867768595041322 0.7123411978221419 0.4611486486486487 0.63791874554526 0.44882913573183897 0.5411127523387496 0.29947306932557843 0.24265989525274947 0.3209389712308783;
0.7128099173553718 0.8266787658802177 0.5579954954954953 0.7583749109052029 0.1694080016643046 0.6489414081733136 0.5245882579162822 0.5123550268885394 0.5927196235587121;
0.8450413223140496 0.8203266787658798 0.6835585585585588 0.8995010691375621 0.46066130101808633 0.7336287543082227 0.7742419287289934 0.6645945747992936 0.7350480091045583;
0.8719008264462808 0.5771324863883849 0.8277027027027026 0.7491090520313612 0.3370086725870835 0.841949778434269 0.6614213981072834 0.5381017376794162 0.49044415008470393;
0.8285123966942152 0.6787658802177858 0.7595720720720722 0.8018531717747681 0.3384389343249815 0.8020679468242244 0.6699658200067856 0.5808867705386024 0.5563001766764122;
0.8016528925619832 0.7586206896551727 0.6407657657657658 0.8239486813970063 0.23246954192617253 0.6696208764155587 0.6656149299005537 0.5311433788200242 0.6162205541836938;
0.7768595041322317 0.8847549909255894 0.7055180180180182 0.8382038488952244 0.2701764422889389 0.8276710979812901 0.6559905188958578 0.7749169271804743 0.7308040200091938;
0.7128099173553718 0.6524500907441015 0.6385135135135138 0.6721311475409835 0.38771795238528656 0.6942392909896604 0.44582302509361044 0.3926809116441922 0.39572390994530093;
0.9318181818181822 0.6088929219600723 1.0 0.8075552387740553 0.32335617417987494 1.0 0.7695211793401613 0.7986956700118675 0.5941017818455144;
0.7871900826446279 0.7114337568058071 0.7060810810810809 0.7441197434069848 0.12650014952736352 0.6770064007877894 0.5794995844254691 0.5542944077333052 0.5465148351857999;
0.7665289256198349 0.762250453720508 0.6801801801801803 0.8118317890235209 0.19112197532148384 0.6277695716395862 0.6224705083494564 0.5861133697943912 0.580610899426483;
0.8904958677685948 0.576225045372051 0.7905405405405406 0.8275124732715606 0.37874631057483527 0.7119645494830132 0.7500087485329869 0.4894845769615235 0.5104430477498739;
0.8057851239669419 0.8656987295825768 0.7229729729729729 0.9066286528866713 0.17473897723283363 0.6917774495322504 0.7448993106617124 0.7728719631270857 0.7419630402879144;
0.8677685950413222 0.5816696914700541 0.765765765765766 0.789023521026372 0.7693377888153533 0.7552929591334319 0.6941008193750465 0.4647988462442938 0.4909020430140736;
1.0 0.705989110707804 0.9369369369369369 0.9700641482537418 0.5086400811348477 0.8847858197932053 0.9802078210808949 0.8421580074937145 0.7809772137699788;
0.8347107438016528 0.7014519056261338 0.854166666666667 0.7761938702779755 0.19281228464809066 0.8094534711964552 0.6521924002992584 0.7306611384258391 0.588958965888793;
0.7830578512396693 0.903811252268602 0.6486486486486488 0.9030648610121165 0.4640419196712999 0.6061053668143772 0.7208880460352668 0.7266273261163149 0.7593587318546291;
0.8347107438016528 0.7341197822141561 0.757882882882883 0.8446186742694224 0.30151217672834135 0.8202855736090594 0.7146838246874937 0.6494198192072056 0.625895662191308;
0.7892561983471075 0.8411978221415611 0.747747747747748 0.8118317890235209 0.3736753825950149 0.7124569177744955 0.6432270112890147 0.7732217080960136 0.6955717029437792;
0.9276859504132229 0.6624319419237747 0.8975225225225228 0.8745545260156806 0.2987816770468997 0.8867552929591337 0.8269367894282672 0.736198332094332 0.6499647192286556;
0.9297520661157025 0.740471869328494 0.7972972972972976 0.9493941553813257 0.6677892054245927 0.8217626784835056 0.8971737396655871 0.7078663795741883 0.7405384845076532;
0.7665289256198349 0.627041742286751 0.6531531531531533 0.6650035637918745 0.37107490670792764 0.7346134908911867 0.4883743268497013 0.378928626261544 0.42773401750774187;
0.6136363636363638 0.46007259528130656 0.4859234234234232 0.5395580898075552 0.45780077754229026 0.582964057114722 0.23417205933242274 0.042922059805967465 0.06607491879365807;
0.7355371900826447 0.903811252268602 0.6086711711711714 0.8132573057733425 0.28850979729290466 0.6824224519940918 0.5954680908339044 0.6755736957828021 0.7056283883925347;
0.5123966942148761 0.8920145190562611 0.26126126126126153 0.6785459729151815 0.33427817290564177 0.3077301821762679 0.2686469792993569 0.21684532349775243 0.43999113286708175;
0.7789256198347106 0.8330308529945556 0.6824324324324323 0.8831076265146115 0.4450584456955623 0.725258493353028 0.6988874709633242 0.6793804348662325 0.6746570194198691;
0.8264462809917356 0.5598911070780399 0.7804054054054056 0.6870990734141124 0.4714532759494988 0.7794190054160515 0.5632755388763284 0.455681986718466 0.41955554101927206;
0.7107438016528925 0.8275862068965515 0.6081081081081082 0.7533856022808265 0.19398249879727994 0.6893156080748398 0.5181446367419529 0.5775106875736268 0.591409541010792;
0.9545454545454548 0.593466424682396 0.9087837837837838 0.8146828225231646 0.1488642421563146 0.8202855736090594 0.7967872056534941 0.6625065451340602 0.6023565738222132;
0.6714876033057852 0.8257713248638838 0.5022522522522525 0.7555238774055593 0.5982264754450064 0.5622845888724765 0.48424535231303 0.44000871404380304 0.5449715664238501;
0.7190082644628101 0.931941923774955 0.6081081081081082 0.8018531717747681 0.26939629952281274 0.7104874446085672 0.5699572149343684 0.7107791809571896 0.7187461728691175;
0.8078512396694215 0.7813067150635207 0.7010135135135136 0.8517462580185317 0.27862798892197277 0.7040866568193008 0.6966629354963362 0.6370547685333975 0.6488793433960751;
0.5144628099173554 0.5671506352087116 0.5546171171171174 0.4547398431931573 0.48068496534865884 0.6282619399310684 0.06613490017552395 0.1766076868301524 0.07501231041506566;
0.6033057851239669 0.5108892921960065 0.5326576576576576 0.5452601568068424 0.455200301655203 0.6282619399310684 0.2299449039680067 0.07671504262681406 0.11185149248262083;
0.5123966942148761 0.6733212341197818 0.49380630630630623 0.554526015680684 0.546997100469386 0.6538650910881342 0.15538127259568035 0.23453484981790643 0.19272047150858115;
0.46487603305785125 0.82486388384755 0.3254504504504506 0.5951532430506056 0.36860445461519464 0.4529788281634663 0.1490855951343912 0.21306337976659778 0.3103353581164854;
0.6921487603305785 0.6388384754990919 0.7015765765765763 0.6728439059158943 0.35898269383297143 0.7149187592319055 0.4276044293041167 0.4558333688691941 0.3569726009226897;
0.566115702479339 0.40471869328493637 0.5748873873873874 0.42836778332145387 0.24378161203500245 0.6696208764155587 0.08922353400973644 0.0 0.049257407902044525;
0.5578512396694214 0.45281306715063485 0.5253378378378378 0.4675694939415538 0.25483363455512364 0.6070901033973412 0.11747809331474779 0.001858346402058669 0.004222790348634803;
0.5723140495867768 0.6978221415607985 0.5478603603603603 0.600142551674982 0.39057847586108263 0.690792712949286 0.2517639117557635 0.334854235084076 0.28816994853549943;
0.3119834710743801 0.36206896551724094 0.3226351351351354 0.25944404846756963 0.5901650001950357 0.4313146233382568 0.2886032156276924 0.3766074705699364 0.38482084939138406;
0.31611570247933873 0.4827586206896545 0.36148648648648674 0.31575196008553097 0.8152361882224448 0.4534711964549485 0.23340407134949967 0.17286406092910364 0.24368807316111513;
0.318181818181818 0.4891107078039924 0.275900900900901 0.3164647184604418 0.6800114420939032 0.3879862136878387 0.23086616419943523 0.2740499785063446 0.23416983587930296;
0.18801652892561987 0.5181488203266783 0.18299549549549562 0.2401995723449751 0.6116189262635063 0.3456425406203841 0.4193962174981108 0.35561233228600836 0.3485116359920801;
0.20454545454545459 0.17513611615245 0.23367117117117123 0.1047754811119032 0.4818551794978482 0.3244707040866568 0.5279815230983297 0.7289442063186083 0.7176581320512325;
0.14876033057851254 0.07803992740471818 0.21396396396396392 0.04062722736992154 0.702635582311563 0.37223042836041376 0.6375150134048527 0.878109130547306 0.8905169526377598;
0.14876033057851254 0.2304900181488202 0.15596846846846857 0.06343549536707052 0.18930164220052273 0.3018217626784833 0.6166845386087743 0.757484961805276 0.7181457032260247;
0.21694214876033074 0.5235934664246823 0.20720720720720742 0.2401995723449751 0.4753539897801299 0.23781388478581966 0.392978850120491 0.3177393892142848 0.30965009348647254;
0.2685950413223142 0.37205081669691414 0.2742117117117118 0.20028510334996438 0.3243963645347099 0.39241752831117666 0.3822583106964504 0.42569965803667037 0.4225927763150642;
0.10743801652892554 0.02359346642468182 0.23536036036036048 0.012829650748396459 0.6107087597030256 0.33234859675036926 0.7006412508163158 0.9203160401929303 0.9988001509350768;
0.16942148760330586 0.37658802177858436 0.20495495495495492 0.14967925873129 0.5759924066104097 0.3879862136878387 0.5190497576592313 0.5083503972793367 0.5295955703098827;
0.2293388429752065 0.152450090744101 0.28490990990991005 0.10406272273699206 0.809645165065207 0.36976858690300324 0.5059890176834622 0.6924806832709189 0.7152753929187708;
0.24586776859504123 0.22867513611615253 0.2865990990990993 0.1446899501069139 0.5189119608888427 0.4140817331363862 0.45378909595145006 0.5929795446298124 0.6104009530956523;
0.13016528925619814 0.1678765880217783 0.18074324324324312 0.04490377761938713 0.3337580777282243 0.23732151649433791 0.6505918926947722 0.8058071883329552 0.8099659548127514;
0.1322314049586778 0.27313974591651463 0.15540540540540532 0.08909479686386312 0.426855114485951 0.36632200886262917 0.608345892964683 0.7037377732036124 0.6886116092816594;
0.1322314049586778 0.15607985480943737 0.19763513513513514 0.03207412687099067 0.6563471115214085 0.34465780403742013 0.6604220799548791 0.799300365888669 0.8209681043656691;
0.0950413223140494 0.4673321234119783 0.08671171171171167 0.15609408410548842 0.33570843464353983 0.23830625307730186 0.5811215598795707 0.5434684462114916 0.5110933041638575;
0.2727272727272728 0.0 0.2787162162162163 0.08196721311475422 0.527883602699294 0.3451501723289019 0.4865424890757332 0.8950782866329541 0.8385885026477228;
0.2293388429752065 0.0009074410163338386 0.30686936936936937 0.034212401995723465 0.4697629666228921 0.3894633185622844 0.5697823467464523 0.8579661693705009 0.8866206229887685;
0.16735537190082656 0.16515426497277677 0.2280405405405407 0.04632929436920878 0.6010869989208025 0.3894633185622844 0.615324801391649 0.7488822795845117 0.7709941788241472;
0.26033057851239666 0.31215970961887474 0.31081081081081063 0.17747683535281542 0.30125212913963256 0.4785819793205316 0.4106366047432775 0.45544494563646964 0.49965446042829903;
0.19008264462809915 0.38294010889292124 0.25394144144144126 0.128296507483963 0.4558504206269748 0.38847858197932045 0.5197087796536837 0.43767972824095125 0.4990524160211651;
0.2066115702479339 0.3039927404718692 0.20720720720720742 0.15466856735566645 0.5490774811790559 0.25947808961102914 0.480527904669221 0.5981826535518677 0.569627283634991;
0.23966942148760334 0.4328493647912884 0.24436936936936948 0.24091233071988594 0.47509394219142104 0.32348596750369285 0.37157139484355545 0.3861667313810858 0.3865549068739053;
0.07851239669421467 0.4328493647912884 0.06306306306306313 0.11689237348538851 0.7311107932751694 0.2609551944854753 0.6320195769368276 0.6177057309218061 0.5687708542670955;
0.15289256198347112 0.6460980036297637 0.11599099099099124 0.2216678545972914 0.1867011663134354 0.26440177252584934 0.46839921008560575 0.27778233153295034 0.2435566409313881;
0.24380165289256192 0.3457350272232298 0.23648648648648649 0.19030648610121156 0.5407559583403764 0.36976858690300324 0.4140151011719805 0.5074838649682654 0.480380559901299;
0.21487603305785108 0.3284936479128859 0.2916666666666666 0.14754098360655754 0.3735453588006606 0.40324963072378145 0.47948960879224717 0.4590337466235902 0.5325803538494798;
0.14669421487603287 0.19056261343012626 0.15596846846846857 0.027084818246614573 0.464431991054363 0.3018217626784833 0.6517700626277115 0.808474646230292 0.7656266561520887;
0.12190082644628096 0.25226860254083433 0.10754504504504496 0.06058446186742689 0.3583325748611996 0.2801575578532743 0.6438187605232167 0.7915120152373468 0.7238905635898806;
0.12190082644628096 0.09800362976406465 0.23986486486486497 0.05060584461867438 0.7762290499161347 0.3170851797144265 0.6529320932465009 0.8195372884004098 0.8983138516850885;
0.1425619834710743 0.3393829401088929 0.1509009009009008 0.15324305060584478 0.7736285740290474 0.21516494337764666 0.5403254085372766 0.6248937730443743 0.6020316878866118;
0.11570247933884308 0.3067150635208707 0.10641891891891896 0.09479686386315037 0.4607913248124408 0.23682914820285572 0.6182339127671603 0.7234187578169832 0.6693377087546583;
0.13842975206611569 0.26678765880217775 0.13344594594594603 0.09479686386315037 0.6270917577916759 0.2806499261447565 0.5974774098276021 0.7398933118756794 0.6887854390048457;
0.11363636363636379 0.016333938294010104 0.21340090090090066 0.007840342124020041 0.574302097283803 0.3279172821270308 0.6995370527398964 0.9576304353292039 1.0;
0.03305785123966945 0.4618874773139742 0.046171171171171095 0.13613684960798306 0.5211223653928668 0.26784835056622336 0.6559568697067527 0.6021942805461993 0.5873324769039653;
0.12396694214876026 0.248638838475499 0.16159909909909909 0.05702066999287245 0.5941957378200211 0.28212703101920217 0.6451865673974169 0.7271171803615286 0.7256585390671699;
0.0661157024793389 0.22504537205081615 0.13851351351351326 0.008553100498930866 0.5118906759937069 0.21861152141802068 0.7422860610943228 0.7867291222854204 0.8177458948626957;
0.1322314049586778 0.35571687840290406 0.15822072072072058 0.09123307198859591 0.6645386105657336 0.23781388478581966 0.6063930359525505 0.5946865088811415 0.5952438491836353;
0.21900826446281002 0.33756805807622525 0.257882882882883 0.18745545260156793 0.11648831736207728 0.3244707040866568 0.4392623682737356 0.49058909493943925 0.5176479566528018;
0.11157024793388412 0.43466424682395605 0.10754504504504496 0.10334996436208123 0.5450467435540703 0.15066469719350079 0.6141963943440054 0.5585818659321642 0.5293411853491223;
0.2066115702479339 0.5671506352087116 0.18975225225225212 0.27583749109052025 0.5489474573847014 0.30920728705071404 0.3698660073150542 0.2844053006273644 0.2720816745314011;
0.19628099173553704 0.451905626134301 0.19200450450450463 0.1988595866001424 0.5320443641186338 0.31462333825701644 0.4496036338152549 0.42870381071752545 0.4140666403802207;
0.1363636363636364 0.44827586206896564 0.11768018018017999 0.15680684248039922 0.5778127397313708 0.30329886755292945 0.5427315112884507 0.528255845081721 0.4859176725471983;
0.28099173553719 0.41742286751361113 0.33558558558558566 0.2822523164647183 0.7047159630212328 0.39241752831117666 0.29607706302192105 0.2893787262862442 0.35727519789030093;
0.18595041322314057 0.10617059891107021 0.26126126126126153 0.03777619387027792 0.4286754476069122 0.3264401772525851 0.6061536361259944 0.7817831020158966 0.8166605190301147;
0.21487603305785108 0.10617059891107021 0.28941441441441457 0.06129722024233804 0.5373753396871628 0.4101427868045299 0.5582548416149189 0.7458298412176483 0.7839550925749271;
0.08057851239669434 0.26406533575317626 0.10641891891891896 0.03207412687099067 0.4438882315463731 0.21516494337764666 0.7075959502720571 0.7778850116346122 0.7572743499404304;
0.08471074380165293 0.4655172413793106 0.10698198198198221 0.13613684960798306 0.8788178236617301 0.2156573116691284 0.6087829993895747 0.5198998113651617 0.5248258522956114;
0.0 0.514519056261343 0.0 0.1119030648610121 0.547387171852449 0.13540128015755762 0.7082805261805802 0.5939439533314428 0.5652009853177475;
0.08057851239669434 0.28039927404718634 0.08277027027027041 0.06200997861724886 0.6023872368643461 0.25898572131954695 0.6802559521022039 0.7872263343494539 0.7388060017891742;
0.0929752066115701 0.4373865698729576 0.10810810810810821 0.12401995723449742 0.41866361544162584 0.23732151649433791 0.6123013698742433 0.5543862313235847 0.5472880443308196;
0.12603305785123955 0.6479128856624313 0.13119369369369352 0.23022095509622226 0.3682143832321315 0.3018217626784833 0.48511819460200895 0.2560498577734872 0.27187392681344713;
0.08677685950413222 0.1588021778584389 0.15822072072072058 0.0 0.5315242689412162 0.2806499261447565 0.7312279410159812 0.8461583616136029 0.8692842879128984;
0.17768595041322302 0.5063520871143373 0.18975225225225212 0.24590163934426235 0.43777711321171775 0.24273756770063984 0.4236233728625269 0.3620486837290924 0.37353039688293616;
0.21900826446281002 0.7068965517241379 0.14695945945945954 0.35352815395580883 0.5341247448283036 0.1944854751354011 0.2875904736647892 0.1605903615531493 0.10005808456604;
0.2314049586776858 0.6397459165154268 0.18299549549549562 0.3022095509622237 0.6134392593844673 0.2161496799606106 0.3231373130798433 0.20032556608255242 0.16196690451660445;
0.28305785123966926 0.6969147005444647 0.23704954954954974 0.35495367070563083 0.5077299145743671 0.2816346627277204 0.22779296979673366 0.058287348105007616 0.03892513874579708;
0.26033057851239666 0.36297640653357477 0.2877252252252253 0.20028510334996438 0.33037745907501076 0.3505662235352043 0.38980612994719904 0.42003065749556 0.4421973772910547;
0.200413223140496 0.8012704174228672 0.0979729729729732 0.37419814682822505 0.2682260853736234 0.1531265386509109 0.28569544919502715 0.10262796306479349 0.014376990032349171;
0.21280991735537177 0.4791288566243192 0.18018018018018037 0.2558802565930149 0.6120089976465694 0.25898572131954695 0.38243180832356166 0.409038486326643 0.3645972450108748;
0.18801652892561987 0.8130671506352091 0.04786036036036034 0.3599429793300069 0.1995735219545177 0.11127523387493846 0.310036224818699 0.1515596332510117 0.015055349927711476;
0.06404958677685961 0.5435571687840288 0.06193693693693712 0.128296507483963 0.4272451858690141 0.15214180206794692 0.6348130232275978 0.47776337272073965 0.45994920780283427;
0.2066115702479339 0.7196007259528127 0.15990990990990983 0.3285816108339274 1.0 0.23682914820285572 0.3216955343491226 0.12782787108708724 0.09971042511966698;
0.21900826446281002 0.4410163339382939 0.1717342342342341 0.2352102637205987 0.4100820450142377 0.23732151649433791 0.3956485616694462 0.4684964360627231 0.40068175169483927;
0.16322314049586759 0.6370235934664242 0.13400900900900878 0.2501781895937276 0.37263519224018 0.17282127031019204 0.43292634252707224 0.2663608092641209 0.2421363249004722;
0.09710743801652906 0.39019963702359295 0.13569819819819803 0.11760513186029935 0.46287170552211065 0.23830625307730186 0.6143860312852658 0.5794125718799555 0.5959688463218054;
0.2582644628099174 0.7277676950998182 0.18975225225225212 0.429080541696365 0.9816666449960343 0.26440177252584934 0.18273738446172386 0.07928770646309978 0.03207370380263115;
0.16528925619834725 0.3992740471869323 0.15540540540540532 0.1468282252316464 0.3683444070264859 0.25849335302806475 0.5254274766341154 0.5426567246791326 0.5086172905457828;
0.19214876033057846 0.5471869328493641 0.19369369369369388 0.2451888809693515 0.6334629237150399 0.26784835056622336 0.4110656415110944 0.3048666863281177 0.3110068132771994]

Y=
Vector{Any}([1, 1, 1, 1, 1, 1, 1, 1, 1, 1, 1, 1, 1, 1, 1, 1, 1, 1, 1, 1, 1, 1, 1, 1, 1, 1, 1, 1, 1, 1, 1, 1, 1, 1, 1, 1, 1, 1, 1, 1, 1, 1, 1, 1, 1, 1, 1, 1, 1, 1, 1, 1, 1, 1, 1, 1, 1, 1, 1, 1, 1, 1, 1, 1, 1, 1, 1, 1, 1, 1, 2, 2, 2, 2, 2, 2, 2, 2, 2, 2, 2, 2, 2, 2, 2, 2, 2, 2, 2, 2, 2, 2, 2, 2, 2, 2, 2, 2, 2, 2, 2, 2, 2, 2, 2, 2, 2, 2, 2, 2, 2, 2, 2, 2, 2, 2, 2, 2, 2, 2, 2, 2, 2, 2, 2, 2, 2, 2, 2, 2, 2, 2, 2, 2, 2, 2, 2, 2, 2, 2, 3, 3, 3, 3, 3, 3, 3, 3, 3, 3, 3, 3, 3, 3, 3, 3, 3, 3, 3, 3, 3, 3, 3, 3, 3, 3, 3, 3, 3, 3, 3, 3, 3, 3, 3, 3, 3, 3, 3, 3, 3, 3, 3, 3, 3, 3, 3, 3, 3, 3, 3, 3, 3, 3, 3, 3, 3, 3, 3, 3, 3, 3, 3, 3, 3, 3, 3, 3, 3, 3])
