X=[1.0 0.0 0.2711736617240512 0.125 0.0 0.014151057562208049 0.0070755287811040245 0.0 0.125;
0.0 1.0 0.4722292033174164 0.125 0.0 0.13913573538264068 0.5695678676913203 1.0 0.875;
1.0 1.0 0.32143754712239253 0.0 0.0 0.015468569817999833 0.507734284909 1.0 1.0;
0.0 1.0 0.4345312892686604 0.125 0.0 0.10364429745562033 0.5518221487278102 1.0 0.875;
1.0 0.0 0.4345312892686604 0.0 0.0 0.015712553569072387 0.007856276784536194 0.0 0.0;
1.0 0.0 0.34656948982156316 0.0 0.0 0.01650950209357577 0.008254751046787885 0.0 0.0;
0.0 0.0 0.6732847449107816 0.0 0.0 0.10122885832000206 0.05061442916000103 0.0 0.0;
1.0 0.0 0.01985423473234481 0.375 0.16666666666666666 0.04113566043083236 0.02056783021541618 0.16666666666666666 0.375;
1.0 1.0 0.33400351847197784 0.0 0.3333333333333333 0.021730754366528396 0.5108653771832642 0.6666666666666667 1.0;
0.5 1.0 0.17064589092736868 0.125 0.0 0.058694292654020104 0.5293471463270101 1.0 0.875;
1.0 1.0 0.04498617743151546 0.125 0.16666666666666666 0.03259622914329302 0.5162981145716465 0.8333333333333334 0.875;
0.0 1.0 0.723548630309123 0.0 0.0 0.051822148727810165 0.525911074363905 1.0 1.0;
1.0 0.0 0.24604171902488062 0.0 0.0 0.015712553569072387 0.007856276784536194 0.0 0.0;
1.0 0.0 0.4847951746670017 0.125 0.8333333333333333 0.06104473451835265 0.030522367259176324 0.8333333333333333 0.125;
1.0 1.0 0.17064589092736868 0.0 0.0 0.015330377421392339 0.5076651887106962 1.0 1.0;
0.5 1.0 0.685850716260367 0.0 0.0 0.03122992013728673 0.5156149600686434 1.0 1.0;
1.0 0.0 0.01985423473234481 0.5 0.16666666666666666 0.05684821399990475 0.028424106999952375 0.16666666666666666 0.5;
0.5 0.0 0.34656948982156316 0.0 0.0 0.025374310111545468 0.012687155055772734 0.0 0.0;
1.0 1.0 0.38426740387031916 0.125 0.0 0.03513366015444757 0.5175668300772238 1.0 0.875;
1.0 1.0 0.34656948982156316 0.0 0.0 0.014102260811993537 0.5070511304059968 1.0 1.0;
0.5 0.0 0.4345312892686604 0.0 0.0 0.050748620223090936 0.025374310111545468 0.0 0.0;
0.5 0.0 0.4219653179190751 0.0 0.0 0.025374310111545468 0.012687155055772734 0.0 0.0;
1.0 1.0 0.18321186227695402 0.0 0.0 0.015671954672893913 0.5078359773364469 1.0 1.0;
0.0 0.0 0.34656948982156316 0.0 0.0 0.06929138530460494 0.03464569265230247 0.0 0.0;
1.0 1.0 0.09525006282985675 0.375 0.16666666666666666 0.04113566043083236 0.5205678302154162 0.8333333333333334 0.625;
1.0 1.0 0.4722292033174164 0.125 0.8333333333333333 0.06126431989431795 0.530632159947159 0.16666666666666674 0.875;
1.0 0.0 0.34656948982156316 0.0 0.0 0.014102260811993537 0.007051130405996768 0.0 0.0;
0.0 0.0 0.2334757476752953 0.375 0.3333333333333333 0.5133418122566507 0.2566709061283253 0.3333333333333333 0.375;
1.0 1.0 0.34656948982156316 0.0 0.0 0.01537917417160685 0.5076895870858035 1.0 1.0;
1.0 0.0 0.34656948982156316 0.0 0.0 0.015411575213749286 0.007705787606874643 0.0 0.0;
0.0 0.0 0.49736114601658704 0.0 0.0 0.05410739813385612 0.02705369906692806 0.0 0.0;
0.0 1.0 0.34656948982156316 0.125 0.0 0.2859895551532101 0.6429947775766051 1.0 0.875;
1.0 1.0 0.34656948982156316 0.0 0.0 0.015126992566498259 0.5075634962832491 1.0 1.0;
0.5 0.0 0.8240764011058055 0.0 0.0 0.020494635090094415 0.010247317545047208 0.0 0.0;
0.0 0.0 0.34656948982156316 0.125 0.0 0.16038672010106003 0.08019336005053002 0.0 0.125;
0.0 0.0 0.5224930887157577 0.125 0.0 0.10149724044618187 0.050748620223090936 0.0 0.125;
1.0 0.0 0.34656948982156316 0.0 0.0 0.014110458666029575 0.007055229333014787 0.0 0.0;
1.0 0.0 0.2586076903744659 0.0 0.0 0.015712553569072387 0.007856276784536194 0.0 0.0;
1.0 1.0 0.22090977632571 0.25 0.0 0.03513366015444757 0.5175668300772238 1.0 0.75;
1.0 1.0 0.17064589092736868 0.125 0.0 0.021942337075458514 0.5109711685377293 1.0 0.875;
1.0 1.0 0.49736114601658704 0.125 0.0 0.018493968331299484 0.5092469841656497 1.0 0.875;
0.5 1.0 0.33400351847197784 0.125 0.0 0.04098927018018883 0.5204946350900944 1.0 0.875;
1.0 0.0 0.34656948982156316 0.0 0.0 0.015411575213749286 0.007705787606874643 0.0 0.0;
0.5 1.0 0.032420206081930136 0.125 0.3333333333333333 0.08115719346076702 0.5405785967303836 0.6666666666666667 0.875;
1.0 1.0 0.2334757476752953 0.0 0.0 0.01537917417160685 0.5076895870858035 1.0 1.0;
1.0 0.0 0.34656948982156316 0.0 0.0 0.015712553569072387 0.007856276784536194 0.0 0.0;
1.0 0.0 0.34656948982156316 0.125 0.0 0.030253985132996517 0.015126992566498259 0.0 0.125;
1.0 1.0 0.34656948982156316 0.0 0.0 0.015126992566498259 0.5075634962832491 1.0 1.0;
1.0 0.0 0.34656948982156316 0.25 0.0 0.04231498029001666 0.02115749014500833 0.0 0.25;
1.0 1.0 0.22090977632571 0.125 0.0 0.034743286152731485 0.5173716430763657 1.0 0.875;
1.0 0.0 0.08268409148027142 0.5 0.16666666666666666 0.07746484096553544 0.03873242048276772 0.16666666666666666 0.5;
1.0 0.0 0.2586076903744659 0.0 0.0 0.01522458606692728 0.00761229303346364 0.0 0.0;
0.0 1.0 0.610454888162855 0.125 0.0 0.1497654242623688 0.5748827121311844 1.0 0.875;
0.5 1.0 0.35913546117114853 0.125 0.0 0.050748620223090936 0.5253743101115455 1.0 0.875;
0.0 0.0 0.8115104297562202 0.0 0.16666666666666666 0.1209753416358076 0.0604876708179038 0.16666666666666666 0.0;
0.0 0.0 0.34656948982156316 0.0 0.0 0.06929138530460494 0.03464569265230247 0.0 0.0;
0.5 1.0 0.2586076903744659 0.0 0.0 0.020494635090094415 0.5102473175450473 1.0 1.0;
1.0 0.0 0.35285247549635584 0.0 0.0 0.014110458666029575 0.007055229333014787 0.0 0.0;
0.5 1.0 0.05755214878110078 0.125 0.3333333333333333 0.05416439273810667 0.5270821963690533 0.6666666666666667 0.875;
1.0 0.0 0.1329479768786127 0.625 0.3333333333333333 0.09154270340242172 0.04577135170121086 0.3333333333333333 0.625;
1.0 0.0 0.2711736617240512 0.0 0.0 0.014110458666029575 0.007055229333014787 0.0 0.0;
0.0 1.0 0.4722292033174164 0.0 0.0 0.15614960068643363 0.5780748003432168 1.0 1.0;
0.0 0.0 0.5601910027645137 0.125 0.0 0.16293234896625058 0.08146617448312529 0.0 0.125;
1.0 0.0 0.04498617743151546 0.375 0.3333333333333333 0.05445717323939373 0.027228586619696866 0.3333333333333333 0.375;
0.0 0.0 0.34656948982156316 0.0 0.0 0.05410739813385612 0.02705369906692806 0.0 0.0;
1.0 0.0 0.34656948982156316 0.125 0.16666666666666666 0.029757819776815374 0.014878909888407687 0.16666666666666666 0.125;
0.5 1.0 0.35913546117114853 0.0 0.0 0.020494635090094415 0.5102473175450473 1.0 1.0;
1.0 0.0 0.2334757476752953 0.0 0.0 0.015923941091001644 0.007961970545500822 0.0 0.0;
1.0 1.0 0.20834380497612465 0.5 0.3333333333333333 0.015468569817999833 0.507734284909 0.6666666666666667 0.5;
1.0 0.0 0.32143754712239253 0.25 0.0 0.016908073949327893 0.008454036974663947 0.0 0.25;
0.5 0.0 0.39683337521990447 0.0 0.0 0.020494635090094415 0.010247317545047208 0.0 0.0;
1.0 1.0 0.19577783362653933 0.625 0.3333333333333333 0.09154270340242172 0.5457713517012108 0.6666666666666667 0.375;
0.5 0.0 0.2586076903744659 0.0 0.0 0.1434624456306609 0.07173122281533045 0.0 0.0;
1.0 0.0 0.32143754712239253 0.125 0.0 0.028212719478023115 0.014106359739011557 0.0 0.125;
1.0 0.0 0.39683337521990447 0.0 0.0 0.11027245763075773 0.055136228815378864 0.0 0.0;
1.0 0.0 0.3088715757728072 0.0 0.0 0.014931805565640218 0.007465902782820109 0.0 0.0;
1.0 0.0 0.34656948982156316 0.0 0.0 0.015411575213749286 0.007705787606874643 0.0 0.0;
1.0 0.0 0.34656948982156316 0.0 0.0 0.015712553569072387 0.007856276784536194 0.0 0.0;
0.5 0.0 0.005152048253329982 0.0 0.3333333333333333 0.056604230248832196 0.028302115124416098 0.3333333333333333 0.0;
1.0 1.0 0.37170143252073384 0.0 0.0 0.024349578357040744 0.5121747891785203 1.0 1.0;
1.0 0.0 0.2711736617240512 0.0 0.0 0.017566830077223785 0.008783415038611892 0.0 0.0;
1.0 0.0 0.35913546117114853 0.0 0.0 0.018542765081513996 0.009271382540756998 0.0 0.0;
1.0 1.0 0.34656948982156316 0.0 0.0 0.015200187691820024 0.50760009384591 1.0 1.0;
0.0 0.0 0.34656948982156316 0.0 0.0 0.09193307740413781 0.045966538702068904 0.0 0.0;
0.5 1.0 0.20834380497612465 0.0 0.0 0.020494635090094415 0.5102473175450473 1.0 1.0;
1.0 1.0 0.4093993465694898 0.375 0.0 0.030937139635999665 0.5154685698179998 1.0 0.625;
1.0 0.0 0.19577783362653933 0.125 0.5 0.06709553154495196 0.03354776577247598 0.5 0.125;
1.0 0.0 0.34656948982156316 0.0 0.0 0.015712553569072387 0.007856276784536194 0.0 0.0;
0.0 1.0 0.2837396330736366 0.375 0.3333333333333333 0.5133418122566507 0.7566709061283253 0.6666666666666667 0.625;
1.0 0.0 0.2963056044232219 0.0 0.0 0.015712553569072387 0.007856276784536194 0.0 0.0;
1.0 0.0 0.35913546117114853 0.0 0.0 0.015712553569072387 0.007856276784536194 0.0 0.0;
1.0 0.0 0.24604171902488062 0.0 0.0 0.015330377421392339 0.007665188710696169 0.0 0.0;
0.0 0.0 0.5727569741140991 0.125 0.0 0.11940564777490723 0.05970282388745361 0.0 0.125;
1.0 0.0 0.32143754712239253 0.125 0.3333333333333333 0.04015972542654215 0.020079862713271075 0.3333333333333333 0.125;
1.0 0.0 0.7361146016587082 0.0 0.0 0.014151057562208049 0.0070755287811040245 0.0 0.0;
1.0 0.0 0.34656948982156316 0.0 0.0 0.015712553569072387 0.007856276784536194 0.0 0.0;
0.0 0.0 0.8869062578537321 0.0 0.0 0.06764049365134761 0.033820246825673805 0.0 0.0;
0.0 0.0 0.2837396330736366 0.0 0.16666666666666666 0.12366716556464086 0.06183358278232043 0.16666666666666666 0.0;
0.5 1.0 0.4219653179190751 0.0 0.16666666666666666 0.044893010197349675 0.5224465050986749 0.8333333333333334 1.0;
0.5 0.0 0.4219653179190751 0.125 0.0 0.050748620223090936 0.025374310111545468 0.0 0.125;
1.0 1.0 0.34656948982156316 0.0 0.0 0.015411575213749286 0.5077057876068747 1.0 1.0;
1.0 0.0 0.34656948982156316 0.0 0.0 0.015411575213749286 0.007705787606874643 0.0 0.0;
0.0 0.0 0.2586076903744659 0.0 0.16666666666666666 0.15085515328815924 0.07542757664407962 0.16666666666666666 0.0;
1.0 0.0 0.4093993465694898 0.0 0.0 0.016891873428256675 0.008445936714128337 0.0 0.0;
1.0 0.0 0.4596632319678311 0.25 0.0 0.015468569817999833 0.007734284908999916 0.0 0.25;
1.0 0.0 0.34656948982156316 0.0 0.0 0.015411575213749286 0.007705787606874643 0.0 0.0;
1.0 1.0 0.2586076903744659 0.0 0.0 0.014931805565640218 0.5074659027828201 1.0 1.0;
1.0 0.0 0.34656948982156316 0.0 0.0 0.015175789316712771 0.0075878946583563854 0.0 0.0;
1.0 0.0 0.4722292033174164 0.0 0.0 0.015411575213749286 0.007705787606874643 0.0 0.0;
1.0 1.0 0.34656948982156316 0.125 0.0 0.04713766070721715 0.5235688303536086 1.0 0.875;
0.0 0.0 0.5853229454636844 0.0 0.0 0.10149724044618187 0.050748620223090936 0.0 0.0;
1.0 1.0 0.17692887660216136 0.125 0.0 0.028212719478023115 0.5141063597390115 1.0 0.875;
1.0 0.0 0.2711736617240512 0.0 0.0 0.015712553569072387 0.007856276784536194 0.0 0.0;
1.0 1.0 0.24604171902488062 0.125 0.0 0.019177122834302632 0.5095885614171514 1.0 0.875;
1.0 1.0 0.20834380497612465 0.0 0.0 0.028220722145058292 0.5141103610725292 1.0 1.0;
1.0 0.0 0.2586076903744659 0.0 0.0 0.015468569817999833 0.007734284908999916 0.0 0.0;
1.0 0.0 0.8806232721789394 0.0 0.0 0.015126992566498259 0.007563496283249129 0.0 0.0;
0.5 0.0 0.35913546117114853 0.125 0.0 0.04098927018018883 0.020494635090094415 0.0 0.125;
0.0 0.0 0.2963056044232219 0.0 0.16666666666666666 0.4831284260198326 0.2415642130099163 0.16666666666666666 0.0;
1.0 1.0 0.01985423473234481 0.5 0.3333333333333333 0.06104473451835265 0.5305223672591763 0.6666666666666667 0.5;
0.5 0.0 0.2586076903744659 0.25 0.0 0.1434624456306609 0.07173122281533045 0.0 0.25;
1.0 0.0 0.34656948982156316 0.0 0.0 0.015712553569072387 0.007856276784536194 0.0 0.0;
0.5 0.0 0.40311636089469716 0.125 0.0 0.058694292654020104 0.029347146327010052 0.0 0.125;
0.5 1.0 0.40311636089469716 0.0 0.0 0.025374310111545468 0.5126871550557728 1.0 1.0;
0.0 0.0 0.6732847449107816 0.0 0.16666666666666666 0.15085515328815924 0.07542757664407962 0.16666666666666666 0.0;
1.0 0.0 0.14551394822819805 0.125 0.0 0.021942337075458514 0.010971168537729257 0.0 0.125;
1.0 0.0 0.34656948982156316 0.0 0.0 0.015126992566498259 0.007563496283249129 0.0 0.0;
1.0 0.0 0.2963056044232219 0.0 0.0 0.01393967004027879 0.006969835020139395 0.0 0.0;
1.0 1.0 0.34656948982156316 0.125 0.16666666666666666 0.04364049521284362 0.5218202476064218 0.8333333333333334 0.875;
1.0 0.0 0.5601910027645137 0.0 0.0 0.013614293309848433 0.0068071466549242165 0.0 0.0;
1.0 0.0 0.4093993465694898 0.0 0.0 0.015411575213749286 0.007705787606874643 0.0 0.0;
1.0 0.0 0.24604171902488062 0.0 0.0 0.013760683560491965 0.006880341780245982 0.0 0.0;
1.0 1.0 0.5853229454636844 0.125 0.0 0.028302115124416098 0.514151057562208 1.0 0.875;
0.5 1.0 0.35913546117114853 0.125 0.0 0.050748620223090936 0.5253743101115455 1.0 0.875;
0.5 0.0 0.3088715757728072 0.0 0.0 0.025374310111545468 0.012687155055772734 0.0 0.0;
0.5 0.0 0.2837396330736366 0.0 0.0 0.02936744577509929 0.014683722887549645 0.0 0.0;
0.0 1.0 0.2334757476752953 0.0 0.3333333333333333 0.051301584996521765 0.5256507924982609 0.6666666666666667 1.0;
0.0 0.0 0.4596632319678311 0.125 0.0 0.10364429745562033 0.051822148727810165 0.0 0.125;
1.0 0.0 0.19577783362653933 0.0 0.0 0.01798980030808316 0.00899490015404158 0.0 0.0;
0.0 0.0 0.2963056044232219 0.0 0.0 0.15458810467956932 0.07729405233978466 0.0 0.0;
1.0 1.0 0.34656948982156316 0.0 0.3333333333333333 0.029757819776815374 0.5148789098884077 0.6666666666666667 1.0;
1.0 1.0 0.2711736617240512 0.0 0.0 0.015126992566498259 0.5075634962832491 1.0 1.0;
1.0 1.0 0.2963056044232219 0.125 0.0 0.030937139635999665 0.5154685698179998 1.0 0.875;
1.0 0.0 0.2334757476752953 0.0 0.0 0.013175122557917838 0.006587561278958919 0.0 0.0;
0.5 0.0 0.22090977632571 0.0 0.0 0.022446505098674838 0.011223252549337419 0.0 0.0;
0.5 0.0 0.2334757476752953 0.125 0.16666666666666666 0.07173122281533045 0.03586561140766523 0.16666666666666666 0.125;
1.0 0.0 0.33400351847197784 0.0 0.0 0.015216388212891242 0.007608194106445621 0.0 0.0;
1.0 1.0 0.10781603417944208 0.25 0.3333333333333333 0.06709553154495196 0.533547765772476 0.6666666666666667 0.75;
0.5 0.0 0.4533802462930384 0.0 0.3333333333333333 0.050748620223090936 0.025374310111545468 0.3333333333333333 0.0;
0.5 0.0 0.5224930887157577 0.0 0.0 0.025374310111545468 0.012687155055772734 0.0 0.0;
0.5 0.0 0.6355868308620256 0.0 0.0 0.02444717185746977 0.012223585928734884 0.0 0.0;
0.0 1.0 0.2711736617240512 0.125 0.0 0.12999454257145598 0.564997271285728 1.0 0.875;
1.0 0.0 0.6921337019351597 0.0 0.0 0.015712553569072387 0.007856276784536194 0.0 0.0;
1.0 0.0 0.5036441316913798 0.0 0.3333333333333333 0.028302115124416098 0.014151057562208049 0.3333333333333333 0.0;
1.0 0.0 0.34656948982156316 0.0 0.0 0.014273049437744325 0.007136524718872162 0.0 0.0;
0.0 0.0 0.6355868308620256 0.0 0.16666666666666666 0.11980421963065935 0.059902109815329674 0.16666666666666666 0.0;
1.0 1.0 0.19577783362653933 0.0 0.0 0.015094396337354966 0.5075471981686774 1.0 1.0;
1.0 0.0 0.37170143252073384 0.0 0.0 0.015712553569072387 0.007856276784536194 0.0 0.0;
1.0 0.0 0.34656948982156316 0.0 0.0 0.016908073949327893 0.008454036974663947 0.0 0.0;
1.0 0.0 0.34656948982156316 1.0 0.3333333333333333 0.13575255909676825 0.06787627954838413 0.3333333333333333 1.0;
1.0 0.0 0.5476250314149284 0.0 0.16666666666666666 0.031425107138144774 0.015712553569072387 0.16666666666666666 0.0;
0.5 1.0 0.49736114601658704 0.0 0.0 0.030741952635141623 0.5153709763175708 1.0 1.0;
1.0 0.0 0.32143754712239253 0.0 0.0 0.015175789316712771 0.0075878946583563854 0.0 0.0;
1.0 0.0 0.20834380497612465 0.0 0.0 0.016908073949327893 0.008454036974663947 0.0 0.0;
1.0 0.0 0.007288263382759488 0.5 0.16666666666666666 0.07746484096553544 0.03873242048276772 0.16666666666666666 0.5;
1.0 0.0 0.10781603417944208 0.0 0.3333333333333333 0.04006213192611313 0.020031065963056566 0.3333333333333333 0.0;
0.0 1.0 0.34656948982156316 0.0 0.16666666666666666 0.10735285047192313 0.5536764252359616 0.8333333333333334 1.0;
1.0 1.0 0.5601910027645137 0.125 0.6666666666666666 0.05445717323939373 0.5272285866196968 0.33333333333333337 0.875;
0.0 0.0 0.34656948982156316 0.0 0.0 0.050602229972447406 0.025301114986223703 0.0 0.0;
1.0 0.0 0.34656948982156316 0.0 0.0 0.11027245763075773 0.055136228815378864 0.0 0.0;
0.0 0.0 0.7612465443578789 0.0 0.0 0.06538764528744409 0.032693822643722045 0.0 0.0;
1.0 0.0 0.04498617743151546 0.5 0.16666666666666666 0.05684821399990475 0.028424106999952375 0.16666666666666666 0.5;
1.0 1.0 0.007288263382759488 0.125 0.16666666666666666 0.021730754366528396 0.5108653771832642 0.8333333333333334 0.875;
1.0 0.0 0.2586076903744659 0.0 0.0 0.015468569817999833 0.007734284908999916 0.0 0.0;
0.0 0.0 0.6984166876099522 0.0 0.0 0.05991421140938287 0.029957105704691435 0.0 0.0;
1.0 0.0 0.22090977632571 0.125 0.16666666666666666 0.015330377421392339 0.007665188710696169 0.16666666666666666 0.125;
1.0 0.0 0.34656948982156316 0.375 0.16666666666666666 0.049707687947515 0.0248538439737575 0.16666666666666666 0.375;
0.0 1.0 0.6230208595124404 0.0 0.0 0.05604306762136532 0.5280215338106826 1.0 1.0;
0.5 0.0 0.37170143252073384 0.0 0.0 0.025374310111545468 0.012687155055772734 0.0 0.0;
1.0 0.0 0.4470972606182458 0.0 0.0 0.0 0.0 0.0 0.0;
1.0 1.0 0.34656948982156316 1.0 0.3333333333333333 0.13575255909676825 0.5678762795483842 0.6666666666666667 0.0;
0.5 0.0 0.34656948982156316 0.0 0.0 0.02937564362913533 0.014687821814567665 0.0 0.0;
1.0 0.0 0.10781603417944208 0.5 0.3333333333333333 0.06126431989431795 0.030632159947158975 0.3333333333333333 0.5;
0.5 0.0 0.007288263382759488 0.25 0.16666666666666666 0.07612293033463641 0.038061465167318204 0.16666666666666666 0.25;
1.0 1.0 0.04498617743151546 0.0 0.3333333333333333 0.04298993693898376 0.5214949684694918 0.6666666666666667 1.0;
0.0 0.0 0.34656948982156316 0.0 0.0 0.09759350042902103 0.04879675021451051 0.0 0.0;
1.0 1.0 0.34656948982156316 0.125 0.0 0.030253985132996517 0.5151269925664983 1.0 0.875;
0.0 0.0 0.5601910027645137 0.0 0.0 0.051822148727810165 0.025911074363905082 0.0 0.0;
1.0 0.0 0.49736114601658704 0.125 0.16666666666666666 0.030253985132996517 0.015126992566498259 0.16666666666666666 0.125;
1.0 0.0 0.4470972606182458 0.0 0.0 0.015411575213749286 0.007705787606874643 0.0 0.0;
0.5 1.0 0.39683337521990447 0.0 0.0 0.025374310111545468 0.5126871550557728 1.0 1.0;
0.5 0.0 0.2334757476752953 0.0 0.0 0.025374310111545468 0.012687155055772734 0.0 0.0;
1.0 1.0 0.2334757476752953 0.125 0.0 0.015330377421392339 0.5076651887106962 1.0 0.875;
0.5 0.0 0.032420206081930136 0.125 0.16666666666666666 0.050748620223090936 0.025374310111545468 0.16666666666666666 0.125;
0.0 1.0 0.5476250314149284 0.0 0.0 0.05410739813385612 0.5270536990669281 1.0 1.0;
0.0 1.0 0.723548630309123 0.0 0.0 0.2859895551532101 0.6429947775766051 1.0 1.0;
1.0 0.0 0.34656948982156316 0.0 0.0 0.015126992566498259 0.007563496283249129 0.0 0.0;
1.0 0.0 0.5224930887157577 0.0 0.16666666666666666 0.01640390592611157 0.008201952963055785 0.16666666666666666 0.0;
1.0 1.0 0.34656948982156316 0.0 0.0 0.015126992566498259 0.5075634962832491 1.0 1.0;
0.5 1.0 0.2963056044232219 0.0 0.0 0.025374310111545468 0.5126871550557728 1.0 1.0;
1.0 0.0 0.34656948982156316 0.0 0.0 0.018542765081513996 0.009271382540756998 0.0 0.0;
1.0 0.0 0.34656948982156316 1.0 0.3333333333333333 0.13575255909676825 0.06787627954838413 0.3333333333333333 1.0;
1.0 0.0 0.4219653179190751 0.0 0.0 0.012678957201736696 0.006339478600868348 0.0 0.0;
1.0 0.0 0.5664739884393064 0.0 0.0 0.014102260811993537 0.007051130405996768 0.0 0.0;
1.0 0.0 0.22090977632571 0.0 0.0 0.015712553569072387 0.007856276784536194 0.0 0.0;
1.0 1.0 0.01985423473234481 0.0 0.16666666666666666 0.02042143996477265 0.5102107199823863 0.8333333333333334 1.0;
1.0 0.0 0.39683337521990447 0.125 0.0 0.030937139635999665 0.015468569817999833 0.0 0.125;
1.0 0.0 0.32143754712239253 0.0 0.0 0.036670757786204655 0.018335378893102328 0.0 0.0;
1.0 1.0 0.19577783362653933 0.0 0.0 0.015126992566498259 0.5075634962832491 1.0 1.0;
0.0 0.0 0.49736114601658704 0.0 0.0 0.060507970265993034 0.030253985132996517 0.0 0.0;
1.0 0.0 0.2963056044232219 0.0 0.0 0.013760683560491965 0.006880341780245982 0.0 0.0;
0.5 1.0 0.4345312892686604 0.0 0.0 0.04098927018018883 0.5204946350900944 1.0 1.0;
1.0 0.0 0.2711736617240512 0.0 0.0 0.014151057562208049 0.0070755287811040245 0.0 0.0;
0.5 0.0 0.37170143252073384 0.0 0.0 0.025374310111545468 0.012687155055772734 0.0 0.0;
1.0 0.0 0.34656948982156316 0.125 0.0 0.015126992566498259 0.007563496283249129 0.0 0.125;
0.0 1.0 0.38426740387031916 0.125 0.0 0.22109807522194713 0.6105490376109736 1.0 0.875;
1.0 1.0 0.33400351847197784 0.0 0.0 0.015468569817999833 0.507734284909 1.0 1.0;
0.5 0.0 0.5224930887157577 0.125 0.0 0.05270049023167135 0.026350245115835676 0.0 0.125;
0.0 1.0 0.39683337521990447 0.0 0.0 0.14891148113361488 0.5744557405668075 1.0 1.0;
0.5 0.0 0.37170143252073384 0.0 0.0 0.020494635090094415 0.010247317545047208 0.0 0.0;
1.0 0.0 0.19577783362653933 0.0 0.0 0.015712553569072387 0.007856276784536194 0.0 0.0;
0.5 0.0 0.33400351847197784 0.0 0.0 0.025374310111545468 0.012687155055772734 0.0 0.0;
1.0 0.0 0.6355868308620256 0.0 0.0 0.015712553569072387 0.007856276784536194 0.0 0.0;
1.0 0.0 0.34656948982156316 0.0 0.0 0.015411575213749286 0.007705787606874643 0.0 0.0;
0.0 0.0 0.4722292033174164 0.125 0.0 0.17566830077223786 0.08783415038611893 0.0 0.125;
1.0 0.0 0.2711736617240512 0.0 0.0 0.018249984580226933 0.009124992290113466 0.0 0.0;
0.5 0.0 0.2334757476752953 0.0 0.0 0.020494635090094415 0.010247317545047208 0.0 0.0;
1.0 0.0 0.2523247046996733 0.0 0.0 0.014151057562208049 0.0070755287811040245 0.0 0.0;
0.5 0.0 0.22090977632571 0.0 0.0 0.025374310111545468 0.012687155055772734 0.0 0.0;
1.0 1.0 0.34656948982156316 0.375 0.16666666666666666 0.049707687947515 0.5248538439737575 0.8333333333333334 0.625;
0.0 1.0 0.4345312892686604 0.125 0.0 0.16293234896625058 0.5814661744831253 1.0 0.875;
1.0 0.0 0.35913546117114853 0.0 0.0 0.015175789316712771 0.0075878946583563854 0.0 0.0;
0.5 0.0 0.7361146016587082 0.0 0.0 0.026350245115835676 0.013175122557917838 0.0 0.0;
1.0 1.0 0.05755214878110078 0.5 0.3333333333333333 0.06126431989431795 0.530632159947159 0.6666666666666667 0.5;
0.5 0.0 0.2963056044232219 0.0 0.0 0.020494635090094415 0.010247317545047208 0.0 0.0;
1.0 1.0 0.34656948982156316 0.0 0.0 0.014736618564782174 0.5073683092823911 1.0 1.0;
0.5 0.0 0.5476250314149284 0.125 0.0 0.050748620223090936 0.025374310111545468 0.0 0.125;
0.5 1.0 0.09525006282985675 0.0 0.3333333333333333 0.05123658772523604 0.525618293862618 0.6666666666666667 1.0;
0.5 0.0 0.2334757476752953 0.0 0.0 0.020494635090094415 0.010247317545047208 0.0 0.0;
0.5 0.0 0.4093993465694898 0.0 0.0 0.023959204355324663 0.011979602177662332 0.0 0.0;
1.0 1.0 0.34656948982156316 0.125 0.0 0.028212719478023115 0.5141063597390115 1.0 0.875;
1.0 1.0 0.34656948982156316 0.125 0.0 0.030253985132996517 0.5151269925664983 1.0 0.875;
0.5 0.0 0.35913546117114853 0.0 0.0 0.020494635090094415 0.010247317545047208 0.0 0.0;
1.0 0.0 0.2711736617240512 0.0 0.0 0.013907073811135496 0.006953536905567748 0.0 0.0;
1.0 0.0 0.37170143252073384 0.0 0.0 0.014102260811993537 0.007051130405996768 0.0 0.0;
0.0 0.0 0.5476250314149284 0.25 0.0 0.17566830077223786 0.08783415038611893 0.0 0.25;
1.0 1.0 0.3088715757728072 0.0 0.0 0.015175789316712771 0.5075878946583564 1.0 1.0;
0.5 1.0 0.2963056044232219 0.0 0.3333333333333333 0.028302115124416098 0.514151057562208 0.6666666666666667 1.0;
0.0 0.0 0.4596632319678311 0.125 0.16666666666666666 0.10257896680493714 0.05128948340246857 0.16666666666666666 0.125;
0.5 0.0 0.6732847449107816 0.125 0.0 0.050748620223090936 0.025374310111545468 0.0 0.125;
1.0 0.0 0.34656948982156316 0.0 0.0 0.014151057562208049 0.0070755287811040245 0.0 0.0;
1.0 1.0 0.35913546117114853 0.125 0.16666666666666666 0.02042143996477265 0.5102107199823863 0.8333333333333334 0.875;
0.0 0.0 0.7738125157074642 0.0 0.0 0.051822148727810165 0.025911074363905082 0.0 0.0;
1.0 0.0 0.37170143252073384 0.125 0.0 0.031425107138144774 0.015712553569072387 0.0 0.125;
1.0 1.0 0.5099271173661725 0.0 0.3333333333333333 0.039452172548431745 0.5197260862742159 0.6666666666666667 1.0;
1.0 1.0 0.35913546117114853 0.0 0.3333333333333333 0.029757819776815374 0.5148789098884077 0.6666666666666667 1.0;
0.0 1.0 0.34656948982156316 0.0 0.0 0.15458810467956932 0.5772940523397847 1.0 1.0;
0.0 1.0 0.37170143252073384 0.0 0.0 0.16883675574220638 0.5844183778711032 1.0 1.0;
0.0 1.0 0.4345312892686604 0.0 0.0 1.0 1.0 1.0 1.0;
0.5 1.0 0.6230208595124404 0.0 0.16666666666666666 0.050748620223090936 0.5253743101115455 0.8333333333333334 1.0;
1.0 0.0 0.34656948982156316 0.0 0.0 0.015126992566498259 0.007563496283249129 0.0 0.0;
1.0 0.0 0.032420206081930136 0.5 0.3333333333333333 0.06126431989431795 0.030632159947158975 0.3333333333333333 0.5;
0.0 0.0 0.648152802211611 0.125 0.16666666666666666 0.1554664461834305 0.07773322309171525 0.16666666666666666 0.125;
0.0 0.0 0.49736114601658704 0.0 0.0 0.0 0.0 0.0 0.0;
1.0 1.0 0.34656948982156316 0.0 0.0 0.015126992566498259 0.5075634962832491 1.0 1.0;
0.5 0.0 0.4470972606182458 0.0 0.0 0.020494635090094415 0.010247317545047208 0.0 0.0;
1.0 0.0 0.19577783362653933 0.5 0.16666666666666666 0.07746484096553544 0.03873242048276772 0.16666666666666666 0.5;
1.0 0.0 0.3088715757728072 0.125 0.0 0.015175789316712771 0.0075878946583563854 0.0 0.125;
0.0 1.0 0.723548630309123 0.0 0.16666666666666666 0.2995388511917728 0.6497694255958864 0.8333333333333334 1.0;
0.0 1.0 0.4345312892686604 0.0 0.0 0.2647385704347907 0.6323692852173953 1.0 1.0;
0.0 0.0 0.34656948982156316 0.0 0.0 0.060507970265993034 0.030253985132996517 0.0 0.0;
1.0 0.0 0.3088715757728072 0.0 0.0 0.0 0.0 0.0 0.0;
0.5 1.0 0.5099271173661725 0.0 0.16666666666666666 0.038061465167318204 0.5190307325836591 0.8333333333333334 1.0;
0.0 0.0 0.4596632319678311 0.0 0.16666666666666666 0.057970539254838485 0.028985269627419243 0.16666666666666666 0.0;
1.0 1.0 0.34656948982156316 0.0 0.0 0.015126992566498259 0.5075634962832491 1.0 1.0;
0.0 1.0 0.7863784870570495 0.125 0.0 0.15216446768991498 0.5760822338449575 1.0 0.875;
1.0 1.0 0.5601910027645137 0.0 0.0 0.015126992566498259 0.5075634962832491 1.0 1.0;
0.5 0.0 0.34656948982156316 0.0 0.0 0.0 0.0 0.0 0.0;
1.0 0.0 0.08268409148027142 0.5 0.16666666666666666 0.05684821399990475 0.028424106999952375 0.16666666666666666 0.5;
1.0 1.0 0.4345312892686604 0.125 0.16666666666666666 0.03952536767375352 0.5197626838368767 0.8333333333333334 0.875;
1.0 0.0 0.8115104297562202 0.0 0.0 0.015126992566498259 0.007563496283249129 0.0 0.0;
1.0 0.0 0.34656948982156316 0.0 0.0 0.015330377421392339 0.007665188710696169 0.0 0.0;
1.0 0.0 0.19577783362653933 0.0 0.0 0.018542765081513996 0.009271382540756998 0.0 0.0;
1.0 0.0 0.2334757476752953 0.0 0.0 0.015712553569072387 0.007856276784536194 0.0 0.0;
0.0 0.0 0.34656948982156316 0.0 0.0 0.050748620223090936 0.025374310111545468 0.0 0.0;
1.0 0.0 0.4093993465694898 0.0 0.0 0.016908073949327893 0.008454036974663947 0.0 0.0;
1.0 0.0 0.37170143252073384 0.0 0.0 0.018542765081513996 0.009271382540756998 0.0 0.0;
1.0 0.0 0.2711736617240512 0.0 0.0 0.015411575213749286 0.007705787606874643 0.0 0.0;
0.5 0.0 0.5224930887157577 0.0 0.0 0.025374310111545468 0.012687155055772734 0.0 0.0;
1.0 1.0 0.2711736617240512 0.0 0.0 0.015126992566498259 0.5075634962832491 1.0 1.0;
0.0 1.0 0.32143754712239253 0.0 0.0 0.15390495017656614 0.5769524750882831 1.0 1.0;
0.0 1.0 0.2334757476752953 0.125 0.0 0.17777475888549785 0.5888873794427489 1.0 0.875;
0.5 0.0 0.4470972606182458 0.0 0.0 0.025130326360472913 0.012565163180236457 0.0 0.0;
1.0 1.0 0.2963056044232219 0.0 0.0 0.01727404957593672 0.5086370247879684 1.0 1.0;
1.0 0.0 0.2963056044232219 0.0 0.0 0.015411575213749286 0.007705787606874643 0.0 0.0;
0.0 0.0 0.34656948982156316 0.0 0.0 0.05410739813385612 0.02705369906692806 0.0 0.0;
1.0 0.0 0.2900226187484292 0.0 0.0 0.014110458666029575 0.007055229333014787 0.0 0.0;
0.0 1.0 0.01985423473234481 0.125 0.3333333333333333 0.29580589980036276 0.6479029499001814 0.6666666666666667 0.875;
0.0 0.0 0.34656948982156316 0.0 0.0 0.05953203526170282 0.02976601763085141 0.0 0.0;
0.0 1.0 0.6230208595124404 0.0 0.16666666666666666 0.4831284260198326 0.7415642130099163 0.8333333333333334 1.0;
1.0 1.0 0.34656948982156316 0.0 0.0 0.015126992566498259 0.5075634962832491 1.0 1.0;
1.0 0.0 0.34656948982156316 0.25 0.0 0.04538097769949478 0.02269048884974739 0.0 0.25;
1.0 0.0 0.2334757476752953 0.0 0.0 0.0 0.0 0.0 0.0;
0.5 1.0 0.34656948982156316 0.0 0.0 0.024105594605968193 0.5120527973029841 1.0 1.0;
1.0 0.0 0.34656948982156316 0.0 0.0 0.015712553569072387 0.007856276784536194 0.0 0.0;
0.0 0.0 0.006282985674792663 0.125 0.3333333333333333 0.29580589980036276 0.14790294990018138 0.3333333333333333 0.125;
0.0 1.0 0.34656948982156316 0.0 0.0 0.21642978772242535 0.6082148938612126 1.0 1.0;
0.0 1.0 0.20834380497612465 0.125 0.0 0.2125586439344078 0.6062793219672039 1.0 0.875;
0.5 0.0 0.37170143252073384 0.125 0.0 0.04684488020593009 0.023422440102965045 0.0 0.125;
0.0 1.0 0.37170143252073384 0.0 0.0 0.11111839809247648 0.5555591990462383 1.0 1.0;
0.0 1.0 0.2963056044232219 0.0 0.0 0.16231419173453318 0.5811570958672666 1.0 1.0;
0.0 1.0 0.22090977632571 0.25 0.3333333333333333 0.5121218935012878 0.7560609467506438 0.6666666666666667 0.75;
0.5 1.0 0.32143754712239253 0.125 0.16666666666666666 0.050748620223090936 0.5253743101115455 0.8333333333333334 0.875;
1.0 0.0 0.34656948982156316 0.0 0.0 0.015411575213749286 0.007705787606874643 0.0 0.0;
0.5 0.0 0.5350590600653431 0.125 0.16666666666666666 0.05123658772523604 0.02561829386261802 0.16666666666666666 0.125;
1.0 1.0 0.32143754712239253 0.0 0.0 0.015330377421392339 0.5076651887106962 1.0 1.0;
0.5 1.0 0.2963056044232219 0.125 0.0 0.050748620223090936 0.5253743101115455 1.0 0.875;
0.5 0.0 0.6732847449107816 0.0 0.0 0.027326180120125887 0.013663090060062943 0.0 0.0;
0.0 1.0 0.38426740387031916 0.0 0.3333333333333333 0.32179836714362564 0.6608991835718128 0.6666666666666667 1.0;
0.0 1.0 0.49736114601658704 0.125 0.16666666666666666 0.2625265161540666 0.6312632580770333 0.8333333333333334 0.875;
1.0 0.0 0.2711736617240512 0.0 0.0 0.014151057562208049 0.0070755287811040245 0.0 0.0;
1.0 0.0 0.33400351847197784 0.0 0.0 0.015411575213749286 0.007705787606874643 0.0 0.0;
0.5 1.0 0.37170143252073384 0.0 0.0 0.024105594605968193 0.5120527973029841 1.0 1.0;
0.5 1.0 0.2711736617240512 0.125 0.16666666666666666 0.056604230248832196 0.528302115124416 0.8333333333333334 0.875;
1.0 0.0 0.34656948982156316 1.0 0.3333333333333333 0.13575255909676825 0.06787627954838413 0.3333333333333333 1.0;
0.0 1.0 0.4470972606182458 0.0 0.0 0.2647385704347907 0.6323692852173953 1.0 1.0;
1.0 0.0 0.7612465443578789 0.0 0.0 0.012174789178520372 0.006087394589260186 0.0 0.0;
0.5 1.0 0.4470972606182458 0.0 0.0 0.025374310111545468 0.5126871550557728 1.0 1.0;
1.0 1.0 0.38426740387031916 0.125 0.16666666666666666 0.04006213192611313 0.5200310659630566 0.8333333333333334 0.875;
0.0 1.0 0.19577783362653933 0.0 0.16666666666666666 0.11316786160148591 0.556583930800743 0.8333333333333334 1.0;
1.0 1.0 0.34656948982156316 0.25 0.0 0.04538097769949478 0.5226904888497473 1.0 0.75;
0.0 0.0 0.5664739884393064 0.0 0.0 0.055628295244541985 0.027814147622270993 0.0 0.0;
0.0 0.0 0.4722292033174164 0.0 0.16666666666666666 0.2995388511917728 0.1497694255958864 0.16666666666666666 0.0;
1.0 0.0 0.19577783362653933 0.25 0.0 0.03513366015444757 0.017566830077223785 0.0 0.25;
0.0 1.0 0.34656948982156316 0.125 0.0 0.2608674266467732 0.6304337133233866 1.0 0.875;
1.0 0.0 0.34656948982156316 0.0 0.0 0.015411575213749286 0.007705787606874643 0.0 0.0;
0.0 0.0 0.35913546117114853 0.125 0.0 0.12999454257145598 0.06499727128572799 0.0 0.125;
0.0 1.0 0.5099271173661725 0.0 0.0 0.2625265161540666 0.6312632580770333 1.0 1.0;
1.0 0.0 0.5601910027645137 0.0 0.0 0.015712553569072387 0.007856276784536194 0.0 0.0;
0.0 0.0 0.5601910027645137 0.0 0.0 0.06929138530460494 0.03464569265230247 0.0 0.0;
0.5 0.0 0.01985423473234481 0.125 0.16666666666666666 0.050748620223090936 0.025374310111545468 0.16666666666666666 0.125;
0.0 1.0 0.2963056044232219 0.375 0.3333333333333333 0.5133418122566507 0.7566709061283253 0.6666666666666667 0.625;
0.5 0.0 0.34656948982156316 0.0 0.0 0.025374310111545468 0.012687155055772734 0.0 0.0;
0.5 0.0 0.3088715757728072 0.0 0.0 0.025374310111545468 0.012687155055772734 0.0 0.0;
0.5 0.0 0.4470972606182458 0.0 0.0 0.025374310111545468 0.012687155055772734 0.0 0.0;
0.5 1.0 0.2963056044232219 0.0 0.0 0.025374310111545468 0.5126871550557728 1.0 1.0;
0.5 1.0 0.49736114601658704 0.0 0.0 0.025374310111545468 0.5126871550557728 1.0 1.0;
1.0 1.0 0.34656948982156316 0.125 0.0 0.031425107138144774 0.5157125535690724 1.0 0.875;
1.0 0.0 0.032420206081930136 0.125 0.16666666666666666 0.031034733136428686 0.015517366568214343 0.16666666666666666 0.125;
1.0 0.0 0.5224930887157577 0.0 0.0 0.016908073949327893 0.008454036974663947 0.0 0.0;
1.0 0.0 0.2837396330736366 0.0 0.0 0.01800600082915438 0.00900300041457719 0.0 0.0;
0.0 0.0 0.34656948982156316 0.0 0.0 0.06831545030031472 0.03415772515015736 0.0 0.0;
1.0 0.0 0.18321186227695402 0.125 0.16666666666666666 0.014110458666029575 0.007055229333014787 0.16666666666666666 0.125;
1.0 0.0 0.3088715757728072 0.125 0.0 0.034743286152731485 0.017371643076365743 0.0 0.125;
1.0 0.0 0.34656948982156316 0.0 0.0 0.014102260811993537 0.007051130405996768 0.0 0.0;
1.0 0.0 0.34656948982156316 0.0 0.0 0.018542765081513996 0.009271382540756998 0.0 0.0;
0.0 1.0 0.2711736617240512 0.0 0.16666666666666666 0.10735285047192313 0.5536764252359616 0.8333333333333334 1.0;
0.5 1.0 0.4722292033174164 0.0 0.0 0.025374310111545468 0.5126871550557728 1.0 1.0;
1.0 1.0 0.34656948982156316 0.0 0.0 0.01537917417160685 0.5076895870858035 1.0 1.0;
1.0 1.0 0.34656948982156316 0.0 0.0 0.01537917417160685 0.5076895870858035 1.0 1.0;
1.0 0.0 0.49736114601658704 0.125 0.6666666666666666 0.05445717323939373 0.027228586619696866 0.6666666666666666 0.125;
0.5 0.0 0.35913546117114853 0.125 0.0 0.05410739813385612 0.02705369906692806 0.0 0.125;
1.0 1.0 0.5601910027645137 0.0 0.16666666666666666 0.028212719478023115 0.5141063597390115 0.8333333333333334 1.0;
1.0 0.0 0.4345312892686604 0.0 0.0 0.013760683560491965 0.006880341780245982 0.0 0.0;
1.0 0.0 0.34656948982156316 0.125 0.0 0.030253985132996517 0.015126992566498259 0.0 0.125;
1.0 0.0 0.37170143252073384 0.0 0.0 0.014151057562208049 0.0070755287811040245 0.0 0.0;
0.0 1.0 0.7486805730082936 0.125 0.0 0.14687821814567664 0.5734391090728383 1.0 0.875;
1.0 1.0 0.34656948982156316 0.0 0.0 0.014110458666029575 0.5070552293330148 1.0 1.0;
1.0 1.0 0.34656948982156316 0.0 0.0 0.015126992566498259 0.5075634962832491 1.0 1.0;
0.0 1.0 0.2963056044232219 0.0 0.0 0.13526459159462315 0.5676322957973116 1.0 1.0;
0.0 0.0 0.3088715757728072 0.125 0.0 0.1082149914547131 0.05410749572735655 0.0 0.125;
1.0 0.0 0.22090977632571 0.125 0.0 0.012678957201736696 0.006339478600868348 0.0 0.125;
1.0 0.0 0.2334757476752953 0.0 0.0 0.015712553569072387 0.007856276784536194 0.0 0.0;
0.0 0.0 0.2711736617240512 0.0 0.0 0.2647385704347907 0.13236928521739535 0.0 0.0;
1.0 1.0 0.032420206081930136 0.375 0.16666666666666666 0.04113566043083236 0.5205678302154162 0.8333333333333334 0.625;
0.0 1.0 0.34656948982156316 0.125 0.0 0.16038672010106003 0.58019336005053 1.0 0.875;
1.0 1.0 0.2711736617240512 0.0 0.0 0.014151057562208049 0.5070755287811041 1.0 1.0;
0.0 0.0 0.33400351847197784 0.0 0.3333333333333333 0.41282050681475896 0.20641025340737948 0.3333333333333333 0.0;
1.0 0.0 0.24604171902488062 0.0 0.0 0.007831878409428937 0.003915939204714469 0.0 0.0;
1.0 0.0 0.2334757476752953 0.0 0.0 0.015175789316712771 0.0075878946583563854 0.0 0.0;
0.0 1.0 0.5224930887157577 0.0 0.0 0.4440992237022602 0.7220496118511301 1.0 1.0;
1.0 1.0 0.007288263382759488 0.0 0.3333333333333333 0.030725752114070404 0.5153628760570352 0.6666666666666667 1.0;
1.0 0.0 0.39683337521990447 0.0 0.0 0.015468569817999833 0.007734284908999916 0.0 0.0;
0.0 1.0 0.4345312892686604 0.125 0.0 0.10149724044618187 0.5507486202230909 1.0 0.875;
1.0 0.0 0.34656948982156316 0.0 0.0 0.015411575213749286 0.007705787606874643 0.0 0.0;
0.5 0.0 0.22090977632571 0.0 0.0 0.1434624456306609 0.07173122281533045 0.0 0.0;
1.0 0.0 0.007288263382759488 0.625 0.3333333333333333 0.09154270340242172 0.04577135170121086 0.3333333333333333 0.625;
0.5 1.0 0.4470972606182458 0.0 0.0 0.025374310111545468 0.5126871550557728 1.0 1.0;
1.0 0.0 0.34656948982156316 0.0 0.0 0.015086393670319786 0.007543196835159893 0.0 0.0;
0.5 1.0 0.20834380497612465 0.0 0.0 0.023422440102965045 0.5117112200514825 1.0 1.0;
0.0 0.0 0.4470972606182458 0.125 0.3333333333333333 0.23422440102965048 0.11711220051482524 0.3333333333333333 0.125;
1.0 0.0 0.2586076903744659 0.0 0.0 0.015216388212891242 0.007608194106445621 0.0 0.0;
1.0 0.0 0.34656948982156316 0.25 0.0 0.015468569817999833 0.007734284908999916 0.0 0.25;
0.0 1.0 0.2837396330736366 0.125 0.0 0.22109807522194713 0.6105490376109736 1.0 0.875;
1.0 1.0 0.2963056044232219 0.0 0.3333333333333333 0.03259622914329302 0.5162981145716465 0.6666666666666667 1.0;
1.0 0.0 0.2711736617240512 0.0 0.0 0.015216388212891242 0.007608194106445621 0.0 0.0;
1.0 1.0 0.38426740387031916 0.0 0.0 0.015330377421392339 0.5076651887106962 1.0 1.0;
0.5 0.0 0.5727569741140991 0.0 0.0 0.050748620223090936 0.025374310111545468 0.0 0.0;
0.5 0.0 0.2837396330736366 0.0 0.0 0.020494635090094415 0.010247317545047208 0.0 0.0;
0.5 1.0 0.34656948982156316 0.0 0.0 0.02469115560854232 0.5123455778042711 1.0 1.0;
1.0 0.0 0.4847951746670017 0.0 0.0 0.015468569817999833 0.007734284908999916 0.0 0.0;
1.0 0.0 0.32143754712239253 0.0 0.0 0.015712553569072387 0.007856276784536194 0.0 0.0;
1.0 1.0 0.2586076903744659 0.125 0.0 0.019177122834302632 0.5095885614171514 1.0 0.875;
1.0 0.0 0.34656948982156316 0.125 0.0 0.030937139635999665 0.015468569817999833 0.0 0.125;
1.0 1.0 0.24604171902488062 0.0 0.0 0.016908073949327893 0.508454036974664 1.0 1.0;
0.5 0.0 0.4219653179190751 0.125 0.0 0.04098927018018883 0.020494635090094415 0.0 0.125;
1.0 0.0 0.6355868308620256 0.0 0.0 0.015126992566498259 0.007563496283249129 0.0 0.0;
0.5 0.0 0.032420206081930136 0.125 0.16666666666666666 0.03659756266088288 0.01829878133044144 0.16666666666666666 0.125;
1.0 0.0 0.2586076903744659 0.0 0.0 0.015175789316712771 0.0075878946583563854 0.0 0.0;
1.0 1.0 0.34656948982156316 0.375 0.16666666666666666 0.049707687947515 0.5248538439737575 0.8333333333333334 0.625;
1.0 0.0 0.34656948982156316 0.0 0.0 0.015411575213749286 0.007705787606874643 0.0 0.0;
1.0 0.0 0.34656948982156316 0.0 0.0 0.013386510079847098 0.006693255039923549 0.0 0.0;
0.0 1.0 0.4093993465694898 0.125 0.0 0.17566830077223786 0.587834150386119 1.0 0.875;
0.5 0.0 0.34656948982156316 0.0 0.0 0.0 0.0 0.0 0.0;
1.0 0.0 0.5476250314149284 0.0 0.0 0.015468569817999833 0.007734284908999916 0.0 0.0;
1.0 1.0 0.34656948982156316 0.0 0.0 0.015712553569072387 0.5078562767845362 1.0 1.0;
0.5 1.0 0.4219653179190751 0.125 0.16666666666666666 0.06343577527886367 0.5317178876394318 0.8333333333333334 0.875;
0.5 1.0 0.22090977632571 0.0 0.3333333333333333 0.025374310111545468 0.5126871550557728 0.6666666666666667 1.0;
0.5 0.0 0.37170143252073384 0.0 0.0 0.025374310111545468 0.012687155055772734 0.0 0.0;
1.0 1.0 0.12038200552902739 0.0 0.3333333333333333 0.04713766070721715 0.5235688303536086 0.6666666666666667 1.0;
1.0 0.0 0.34656948982156316 0.0 0.0 0.015411575213749286 0.007705787606874643 0.0 0.0;
1.0 0.0 0.2586076903744659 0.0 0.0 0.015094396337354966 0.007547198168677483 0.0 0.0;
1.0 0.0 0.35913546117114853 0.0 0.0 0.015370976317570811 0.007685488158785406 0.0 0.0;
1.0 1.0 0.34656948982156316 0.125 0.16666666666666666 0.028106928123558056 0.514053464061779 0.8333333333333334 0.875;
1.0 0.0 0.22090977632571 0.125 0.16666666666666666 0.039452172548431745 0.019726086274215873 0.16666666666666666 0.125;
1.0 0.0 0.34656948982156316 0.0 0.0 0.014151057562208049 0.0070755287811040245 0.0 0.0;
0.5 1.0 0.34656948982156316 0.125 0.0 0.050748620223090936 0.5253743101115455 1.0 0.875;
0.5 1.0 0.2334757476752953 0.0 0.0 0.050748620223090936 0.5253743101115455 1.0 1.0;
1.0 0.0 0.34656948982156316 0.0 0.0 0.015126992566498259 0.007563496283249129 0.0 0.0;
1.0 0.0 0.39683337521990447 0.0 0.0 0.015712553569072387 0.007856276784536194 0.0 0.0;
0.0 0.0 0.34656948982156316 0.0 0.0 0.051822148727810165 0.025911074363905082 0.0 0.0;
1.0 1.0 0.34656948982156316 0.125 0.0 0.031425107138144774 0.5157125535690724 1.0 0.875;
0.5 1.0 0.5224930887157577 0.125 0.0 0.050748620223090936 0.5253743101115455 1.0 0.875;
1.0 0.0 0.20834380497612465 0.0 0.0 0.013907073811135496 0.006953536905567748 0.0 0.0;
0.0 0.0 0.6230208595124404 0.125 0.0 0.1091095334796455 0.05455476673982275 0.0 0.125;
0.0 1.0 0.17064589092736868 0.125 0.3333333333333333 0.23422440102965048 0.6171122005148253 0.6666666666666667 0.875;
1.0 1.0 0.2586076903744659 0.25 0.3333333333333333 0.06709553154495196 0.533547765772476 0.6666666666666667 0.75;
0.5 1.0 0.2963056044232219 0.25 0.5 0.03659756266088288 0.5182987813304415 0.5 0.75;
0.0 0.0 0.7989444584066349 0.125 0.6666666666666666 0.5133418122566507 0.2566709061283253 0.6666666666666666 0.125;
0.5 0.0 0.38426740387031916 0.0 0.0 0.020494635090094415 0.010247317545047208 0.0 0.0;
0.5 1.0 0.5601910027645137 0.125 0.16666666666666666 0.05123658772523604 0.525618293862618 0.8333333333333334 0.875;
1.0 0.0 0.24604171902488062 0.0 0.0 0.018542765081513996 0.009271382540756998 0.0 0.0;
1.0 0.0 0.3088715757728072 0.125 0.0 0.015175789316712771 0.0075878946583563854 0.0 0.125;
0.5 1.0 0.34656948982156316 0.0 0.0 0.025374310111545468 0.5126871550557728 1.0 1.0;
1.0 0.0 0.34656948982156316 0.0 0.0 0.015834545444608664 0.007917272722304332 0.0 0.0;
0.0 0.0 0.04498617743151546 0.0 0.3333333333333333 0.15977676072337862 0.07988838036168931 0.3333333333333333 0.0;
0.5 1.0 0.15807991957778336 0.0 0.16666666666666666 0.038061465167318204 0.5190307325836591 0.8333333333333334 1.0;
0.0 0.0 0.4219653179190751 0.0 0.0 0.051822148727810165 0.025911074363905082 0.0 0.0;
1.0 1.0 0.05755214878110078 0.25 0.16666666666666666 0.03758969818624431 0.5187948490931221 0.8333333333333334 0.75;
0.0 0.0 0.648152802211611 0.0 0.0 0.05953203526170282 0.02976601763085141 0.0 0.0;
0.5 0.0 0.4470972606182458 0.125 0.3333333333333333 0.05416439273810667 0.027082196369053336 0.3333333333333333 0.125;
1.0 0.0 0.34656948982156316 0.125 0.0 0.03897240290032268 0.01948620145016134 0.0 0.125;
0.0 0.0 0.37170143252073384 0.0 0.0 0.05416439273810667 0.027082196369053336 0.0 0.0;
0.0 0.0 0.610454888162855 0.125 0.0 0.17391981561855152 0.08695990780927576 0.0 0.125;
1.0 0.0 0.34656948982156316 0.0 0.0 0.015712553569072387 0.007856276784536194 0.0 0.0;
1.0 0.0 0.35913546117114853 0.0 0.0 0.015411575213749286 0.007705787606874643 0.0 0.0;
0.0 0.0 0.8115104297562202 0.0 0.0 0.051822148727810165 0.025911074363905082 0.0 0.0;
0.0 1.0 0.34656948982156316 0.125 0.0 0.10122885832000206 0.550614429160001 1.0 0.875;
0.5 1.0 0.6230208595124404 0.0 0.0 0.020494635090094415 0.5102473175450473 1.0 1.0;
1.0 0.0 0.34656948982156316 0.0 0.0 0.015126992566498259 0.007563496283249129 0.0 0.0;
0.0 0.0 0.5978889168132697 0.0 0.0 0.051822148727810165 0.025911074363905082 0.0 0.0;
1.0 0.0 0.4219653179190751 0.0 0.0 0.015712553569072387 0.007856276784536194 0.0 0.0;
0.0 0.0 0.5853229454636844 0.0 0.0 0.07514699533034619 0.037573497665173095 0.0 0.0;
0.5 0.0 0.5978889168132697 0.0 0.0 0.025374310111545468 0.012687155055772734 0.0 0.0;
1.0 0.0 0.34656948982156316 0.0 0.0 0.015712553569072387 0.007856276784536194 0.0 0.0;
1.0 0.0 0.4722292033174164 0.0 0.0 0.013760683560491965 0.006880341780245982 0.0 0.0;
0.5 0.0 0.34656948982156316 0.0 0.0 0.0 0.0 0.0 0.0;
0.0 0.0 0.6984166876099522 0.0 0.0 0.051822148727810165 0.025911074363905082 0.0 0.0;
1.0 0.0 0.34656948982156316 0.0 0.0 0.015078195816283748 0.007539097908141874 0.0 0.0;
1.0 1.0 0.0041467705453631576 0.25 0.16666666666666666 0.03758969818624431 0.5187948490931221 0.8333333333333334 0.75;
1.0 0.0 0.34656948982156316 0.0 0.0 0.014151057562208049 0.0070755287811040245 0.0 0.0;
1.0 0.0 0.4722292033174164 0.0 0.0 0.016908073949327893 0.008454036974663947 0.0 0.0;
0.5 1.0 0.4093993465694898 0.125 0.3333333333333333 0.05416439273810667 0.5270821963690533 0.6666666666666667 0.875;
0.5 1.0 0.2837396330736366 0.0 0.0 0.026919605597338588 0.5134598027986693 1.0 1.0;
1.0 1.0 0.2711736617240512 0.0 0.0 0.019201521209409888 0.5096007606047049 1.0 1.0;
0.0 0.0 0.34656948982156316 0.0 0.0 0.10149724044618187 0.050748620223090936 0.0 0.0;
0.5 0.0 0.4219653179190751 0.125 0.0 0.04098927018018883 0.020494635090094415 0.0 0.125;
1.0 0.0 0.35913546117114853 0.125 0.0 0.013752485706455927 0.006876242853227963 0.0 0.125;
1.0 0.0 0.2711736617240512 0.0 0.0 0.014679623960531627 0.007339811980265814 0.0 0.0;
1.0 1.0 0.01985423473234481 0.0 0.16666666666666666 0.023983602730431916 0.5119918013652159 0.8333333333333334 1.0;
1.0 0.0 0.10781603417944208 0.625 0.3333333333333333 0.09154270340242172 0.04577135170121086 0.3333333333333333 0.625;
0.5 0.0 0.34656948982156316 0.0 0.0 0.0 0.0 0.0 0.0;
1.0 0.0 0.6230208595124404 0.0 0.0 0.015712553569072387 0.007856276784536194 0.0 0.0;
1.0 1.0 0.7863784870570495 0.0 0.0 0.018713553707264782 0.5093567768536323 1.0 1.0;
0.0 0.0 0.3088715757728072 0.125 0.0 0.17777475888549785 0.08888737944274892 0.0 0.125;
1.0 1.0 0.34656948982156316 0.375 0.16666666666666666 0.049707687947515 0.5248538439737575 0.8333333333333334 0.625;
0.0 1.0 0.4345312892686604 0.125 0.0 0.17566830077223786 0.587834150386119 1.0 0.875;
0.0 0.0 0.723548630309123 0.0 0.0 0.057970539254838485 0.028985269627419243 0.0 0.0;
1.0 0.0 0.37170143252073384 0.0 0.0 0.015712553569072387 0.007856276784536194 0.0 0.0;
1.0 0.0 0.10781603417944208 0.125 0.16666666666666666 0.031034733136428686 0.015517366568214343 0.16666666666666666 0.125;
1.0 0.0 0.34656948982156316 0.125 0.0 0.03897240290032268 0.01948620145016134 0.0 0.125;
1.0 0.0 0.2586076903744659 0.0 0.0 0.014151057562208049 0.0070755287811040245 0.0 0.0;
0.0 0.0 0.685850716260367 0.0 0.0 0.05953203526170282 0.02976601763085141 0.0 0.0;
0.0 0.0 0.8869062578537321 0.0 0.0 0.09662576327876685 0.04831288163938342 0.0 0.0;
1.0 0.0 0.2586076903744659 0.0 0.0 0.015712553569072387 0.007856276784536194 0.0 0.0;
1.0 0.0 0.34656948982156316 0.0 0.0 0.028220722145058292 0.014110361072529146 0.0 0.0;
0.0 1.0 0.6732847449107816 0.125 0.0 0.1527664244005612 0.5763832122002805 1.0 0.875;
1.0 0.0 0.34656948982156316 0.0 0.0 0.029473237129564348 0.014736618564782174 0.0 0.0;
0.0 1.0 0.3088715757728072 0.125 0.3333333333333333 0.29580589980036276 0.6479029499001814 0.6666666666666667 0.875;
1.0 0.0 0.2963056044232219 0.0 0.0 0.015216388212891242 0.007608194106445621 0.0 0.0;
1.0 0.0 0.20834380497612465 0.0 0.0 0.016908073949327893 0.008454036974663947 0.0 0.0;
1.0 1.0 0.2586076903744659 0.0 0.0 0.015126992566498259 0.5075634962832491 1.0 1.0;
1.0 1.0 0.34656948982156316 0.0 0.0 0.014891206669461744 0.5074456033347309 1.0 1.0;
1.0 1.0 0.4596632319678311 0.0 0.0 0.018713553707264782 0.5093567768536323 1.0 1.0;
0.0 1.0 0.19577783362653933 0.0 0.0 0.16883675574220638 0.5844183778711032 1.0 1.0;
0.0 0.0 0.22090977632571 0.125 0.0 0.2125586439344078 0.1062793219672039 0.0 0.125;
0.5 1.0 0.4093993465694898 0.0 0.3333333333333333 0.050748620223090936 0.5253743101115455 0.6666666666666667 1.0;
0.0 0.0 0.34656948982156316 0.0 0.0 0.051822148727810165 0.025911074363905082 0.0 0.0;
1.0 0.0 0.34656948982156316 0.0 0.0 0.04396587194327397 0.021982935971636985 0.0 0.0;
1.0 0.0 0.32143754712239253 0.0 0.0 0.11027245763075773 0.055136228815378864 0.0 0.0;
1.0 0.0 0.35913546117114853 0.0 0.0 0.015126992566498259 0.007563496283249129 0.0 0.0;
1.0 0.0 0.34656948982156316 0.0 0.0 0.015712553569072387 0.007856276784536194 0.0 0.0;
0.0 0.0 0.4470972606182458 0.0 0.0 0.05130978285055781 0.025654891425278905 0.0 0.0;
0.0 1.0 0.6732847449107816 0.125 0.0 0.11594107850967697 0.5579705392548385 1.0 0.875;
1.0 0.0 0.2963056044232219 0.0 0.0 0.014630827210317117 0.0073154136051585585 0.0 0.0;
0.0 0.0 0.5853229454636844 0.0 0.0 0.06640417918791278 0.03320208959395639 0.0 0.0;
0.5 1.0 0.4219653179190751 0.0 0.0 0.020494635090094415 0.5102473175450473 1.0 1.0;
1.0 0.0 0.34656948982156316 0.0 0.0 0.04713766070721715 0.023568830353608575 0.0 0.0;
0.5 1.0 0.4470972606182458 0.125 0.0 0.050748620223090936 0.5253743101115455 1.0 0.875;
1.0 0.0 0.39683337521990447 0.0 0.0 0.015411575213749286 0.007705787606874643 0.0 0.0;
0.0 1.0 0.37170143252073384 0.0 0.0 0.18249984580226933 0.5912499229011347 1.0 1.0;
1.0 0.0 0.2711736617240512 0.0 0.0 0.015411575213749286 0.007705787606874643 0.0 0.0;
1.0 0.0 0.34656948982156316 0.0 0.0 0.014102260811993537 0.007051130405996768 0.0 0.0;
0.0 1.0 0.5476250314149284 0.0 0.16666666666666666 0.11316786160148591 0.556583930800743 0.8333333333333334 1.0;
1.0 0.0 0.34656948982156316 0.0 0.0 0.014110458666029575 0.007055229333014787 0.0 0.0;
1.0 0.0 0.5036441316913798 0.0 0.0 0.015126992566498259 0.007563496283249129 0.0 0.0;
0.5 1.0 0.6230208595124404 0.0 0.0 0.020494635090094415 0.5102473175450473 1.0 1.0;
0.0 0.0 0.34656948982156316 0.0 0.0 0.4328841690069588 0.2164420845034794 0.0 0.0;
1.0 0.0 0.4847951746670017 0.0 0.0 0.015468569817999833 0.007734284908999916 0.0 0.0;
0.5 0.0 0.2837396330736366 0.25 0.16666666666666666 0.022446505098674838 0.011223252549337419 0.16666666666666666 0.25;
0.5 1.0 0.01985423473234481 0.125 0.16666666666666666 0.050748620223090936 0.5253743101115455 0.8333333333333334 0.875;
1.0 0.0 0.34656948982156316 0.0 0.0 0.014110458666029575 0.007055229333014787 0.0 0.0;
1.0 0.0 0.20834380497612465 0.125 0.16666666666666666 0.014110458666029575 0.007055229333014787 0.16666666666666666 0.125;
1.0 1.0 0.34656948982156316 0.0 0.3333333333333333 0.04364049521284362 0.5218202476064218 0.6666666666666667 1.0;
1.0 1.0 0.37170143252073384 0.0 0.0 0.016908073949327893 0.508454036974664 1.0 1.0;
0.5 1.0 0.08268409148027142 0.0 0.3333333333333333 0.05123658772523604 0.525618293862618 0.6666666666666667 1.0;
0.0 0.0 0.5601910027645137 0.0 0.0 0.051822148727810165 0.025911074363905082 0.0 0.0;
0.0 1.0 0.37170143252073384 0.0 0.0 0.20772776566317125 0.6038638828315857 1.0 1.0;
1.0 0.0 0.34656948982156316 0.0 0.0 0.028302115124416098 0.014151057562208049 0.0 0.0;
0.0 1.0 0.2711736617240512 0.0 0.3333333333333333 0.09661756542473082 0.5483087827123654 0.6666666666666667 1.0;
0.0 1.0 0.4470972606182458 0.0 0.3333333333333333 0.13858277060920987 0.5692913853046049 0.6666666666666667 1.0;
1.0 1.0 0.10781603417944208 0.5 0.3333333333333333 0.06104473451835265 0.5305223672591763 0.6666666666666667 0.5;
1.0 1.0 0.1329479768786127 0.5 0.3333333333333333 0.06104473451835265 0.5305223672591763 0.6666666666666667 0.5;
0.5 0.0 0.39683337521990447 0.125 0.0 0.050748620223090936 0.025374310111545468 0.0 0.125;
0.0 0.0 0.6230208595124404 0.125 0.0 0.20772776566317125 0.10386388283158562 0.0 0.125;
0.0 0.0 0.7989444584066349 0.0 0.0 0.050748620223090936 0.025374310111545468 0.0 0.0;
0.5 1.0 0.2334757476752953 0.125 0.0 0.050748620223090936 0.5253743101115455 1.0 0.875;
0.5 0.0 0.34656948982156316 0.0 0.0 0.02705779799394608 0.01352889899697304 0.0 0.0;
1.0 0.0 0.4093993465694898 0.125 0.16666666666666666 0.04006213192611313 0.020031065963056566 0.16666666666666666 0.125;
0.5 0.0 0.09525006282985675 0.125 0.16666666666666666 0.07173122281533045 0.03586561140766523 0.16666666666666666 0.125;
0.0 0.0 0.20834380497612465 0.0 0.3333333333333333 0.21642978772242535 0.10821489386121268 0.3333333333333333 0.0;
0.5 0.0 0.33400351847197784 0.0 0.0 0.050748620223090936 0.025374310111545468 0.0 0.0;
1.0 0.0 0.34656948982156316 0.0 0.0 0.015281580671177828 0.007640790335588914 0.0 0.0;
1.0 0.0 0.2711736617240512 0.0 0.0 0.014102260811993537 0.007051130405996768 0.0 0.0;
1.0 1.0 0.2711736617240512 0.0 0.0 0.015175789316712771 0.5075878946583564 1.0 1.0;
0.0 0.0 0.7738125157074642 0.0 0.0 0.051822148727810165 0.025911074363905082 0.0 0.0;
0.0 1.0 0.5978889168132697 0.125 0.0 0.07729405233978466 0.5386470261698924 1.0 0.875;
0.0 0.0 0.34656948982156316 0.0 0.0 0.4440992237022602 0.2220496118511301 0.0 0.0;
0.0 1.0 0.4847951746670017 0.125 0.16666666666666666 0.1554664461834305 0.5777332230917153 0.8333333333333334 0.875;
1.0 1.0 0.4470972606182458 0.125 0.0 0.033962538149299316 0.5169812690746497 1.0 0.875;
1.0 0.0 0.34656948982156316 0.0 0.0 0.015126992566498259 0.007563496283249129 0.0 0.0;
1.0 0.0 0.49736114601658704 0.0 0.0 0.015411575213749286 0.007705787606874643 0.0 0.0;
0.5 0.0 0.34656948982156316 0.0 0.0 0.026350245115835676 0.013175122557917838 0.0 0.0;
1.0 0.0 0.34656948982156316 0.0 0.0 0.015712553569072387 0.007856276784536194 0.0 0.0;
1.0 1.0 0.34656948982156316 0.0 0.0 0.015712553569072387 0.5078562767845362 1.0 1.0;
1.0 0.0 0.2963056044232219 0.25 0.0 0.04713766070721715 0.023568830353608575 0.0 0.25;
1.0 0.0 0.2334757476752953 0.0 0.0 0.015411575213749286 0.007705787606874643 0.0 0.0;
1.0 1.0 0.35913546117114853 0.0 0.6666666666666666 0.04113566043083236 0.5205678302154162 0.33333333333333337 1.0;
1.0 0.0 0.34656948982156316 0.0 0.0 0.014110458666029575 0.007055229333014787 0.0 0.0;
1.0 0.0 0.39683337521990447 0.0 0.0 0.015330377421392339 0.007665188710696169 0.0 0.0;
0.5 0.0 0.7738125157074642 0.0 0.0 0.020494635090094415 0.010247317545047208 0.0 0.0;
0.0 1.0 0.6607187735611963 0.25 0.0 0.10048070654571319 0.5502403532728566 1.0 0.75;
0.0 0.0 0.4470972606182458 0.0 0.0 0.051504969851415845 0.025752484925707923 0.0 0.0;
1.0 1.0 0.34656948982156316 0.0 0.0 0.015126992566498259 0.5075634962832491 1.0 1.0;
1.0 0.0 0.19577783362653933 0.0 0.0 0.015712553569072387 0.007856276784536194 0.0 0.0;
1.0 0.0 0.2334757476752953 0.0 0.0 0.028302115124416098 0.014151057562208049 0.0 0.0;
0.5 1.0 0.4219653179190751 0.0 0.0 0.025374310111545468 0.5126871550557728 1.0 1.0;
0.0 1.0 0.4847951746670017 0.125 0.0 0.1091095334796455 0.5545547667398227 1.0 0.875;
1.0 1.0 0.34656948982156316 0.125 0.0 0.028220722145058292 0.5141103610725292 1.0 0.875;
1.0 0.0 0.39683337521990447 0.0 0.0 0.015468569817999833 0.007734284908999916 0.0 0.0;
0.5 1.0 0.3088715757728072 0.125 0.16666666666666666 0.05855610025741262 0.5292780501287063 0.8333333333333334 0.875;
0.0 1.0 0.4847951746670017 0.125 0.16666666666666666 0.21642978772242535 0.6082148938612126 0.8333333333333334 0.875;
0.5 0.0 0.6732847449107816 0.0 0.0 0.050748620223090936 0.025374310111545468 0.0 0.0;
0.0 0.0 0.4470972606182458 0.0 0.0 0.07831878409428937 0.039159392047144685 0.0 0.0;
1.0 0.0 0.34656948982156316 0.0 0.0 0.017005667449756914 0.008502833724878457 0.0 0.0;
0.0 1.0 0.22090977632571 0.0 0.3333333333333333 0.1554664461834305 0.5777332230917153 0.6666666666666667 1.0;
0.5 0.0 0.5853229454636844 0.0 0.0 0.02927805012870631 0.014639025064353155 0.0 0.0;
0.0 0.0 0.7486805730082936 0.125 0.16666666666666666 0.15458810467956932 0.07729405233978466 0.16666666666666666 0.125;
1.0 0.0 0.2711736617240512 0.0 0.0 0.015712553569072387 0.007856276784536194 0.0 0.0;
1.0 0.0 0.34656948982156316 0.0 0.0 0.015712553569072387 0.007856276784536194 0.0 0.0;
1.0 0.0 0.4345312892686604 0.0 0.0 0.013907073811135496 0.006953536905567748 0.0 0.0;
0.0 1.0 0.648152802211611 0.125 0.0 0.1527664244005612 0.5763832122002805 1.0 0.875;
1.0 0.0 0.5853229454636844 0.0 0.0 0.014151057562208049 0.0070755287811040245 0.0 0.0;
1.0 1.0 0.34656948982156316 0.0 0.3333333333333333 0.015126992566498259 0.5075634962832491 0.6666666666666667 1.0;
0.5 0.0 0.4596632319678311 0.125 0.0 0.050748620223090936 0.025374310111545468 0.0 0.125;
1.0 0.0 0.4470972606182458 0.125 0.16666666666666666 0.04713766070721715 0.023568830353608575 0.16666666666666666 0.125;
0.5 1.0 0.34656948982156316 0.0 0.0 0.06441171028315387 0.5322058551415769 1.0 1.0;
1.0 0.0 0.610454888162855 0.0 0.0 0.0 0.0 0.0 0.0;
1.0 0.0 0.34656948982156316 0.0 0.0 0.014102260811993537 0.007051130405996768 0.0 0.0;
0.0 0.0 0.610454888162855 0.125 0.0 0.11111839809247648 0.05555919904623824 0.0 0.125;
0.5 1.0 0.2963056044232219 0.25 0.16666666666666666 0.05270049023167135 0.5263502451158357 0.8333333333333334 0.75;
1.0 0.0 0.34656948982156316 0.0 0.0 0.015411575213749286 0.007705787606874643 0.0 0.0;
0.0 0.0 0.34656948982156316 0.0 0.0 0.08275928836380983 0.041379644181904915 0.0 0.0;
1.0 0.0 0.5476250314149284 0.0 0.0 0.015712553569072387 0.007856276784536194 0.0 0.0;
0.0 0.0 0.4345312892686604 0.0 0.0 0.051822148727810165 0.025911074363905082 0.0 0.0;
1.0 0.0 0.4470972606182458 0.125 0.0 0.030351578633425542 0.015175789316712771 0.0 0.125;
1.0 0.0 0.37170143252073384 0.0 0.0 0.015411575213749286 0.007705787606874643 0.0 0.0;
0.0 0.0 0.33400351847197784 0.0 0.0 0.05953203526170282 0.02976601763085141 0.0 0.0;
0.5 1.0 0.2711736617240512 0.125 0.3333333333333333 0.08115719346076702 0.5405785967303836 0.6666666666666667 0.875;
0.0 1.0 0.49736114601658704 0.0 0.0 0.2995388511917728 0.6497694255958864 1.0 1.0;
1.0 1.0 0.4847951746670017 0.125 0.8333333333333333 0.06104473451835265 0.5305223672591763 0.16666666666666674 0.875;
1.0 0.0 0.34656948982156316 0.0 0.0 0.013760683560491965 0.006880341780245982 0.0 0.0;
1.0 1.0 0.34656948982156316 0.125 0.0 0.030253985132996517 0.5151269925664983 1.0 0.875;
1.0 0.0 0.34656948982156316 0.0 0.0 0.015126992566498259 0.007563496283249129 0.0 0.0;
1.0 0.0 0.4345312892686604 0.0 0.0 0.015712553569072387 0.007856276784536194 0.0 0.0;
0.5 1.0 0.2963056044232219 0.125 0.3333333333333333 0.12687155055772734 0.5634357752788637 0.6666666666666667 0.875;
1.0 0.0 0.4219653179190751 0.125 0.16666666666666666 0.028106928123558056 0.014053464061779028 0.16666666666666666 0.125;
1.0 1.0 0.32143754712239253 0.125 0.0 0.031425107138144774 0.5157125535690724 1.0 0.875;
0.5 1.0 0.04498617743151546 0.25 0.16666666666666666 0.07612293033463641 0.5380614651673182 0.8333333333333334 0.75;
0.5 0.0 0.32143754712239253 0.0 0.0 0.020494635090094415 0.010247317545047208 0.0 0.0;
1.0 0.0 0.33400351847197784 0.125 0.0 0.028212719478023115 0.014106359739011557 0.0 0.125;
0.0 0.0 0.5224930887157577 0.125 0.0 0.10257896680493714 0.05128948340246857 0.0 0.125;
1.0 0.0 0.24604171902488062 0.125 0.16666666666666666 0.030725752114070404 0.015362876057035202 0.16666666666666666 0.125;
1.0 0.0 0.2586076903744659 0.0 0.0 0.015330377421392339 0.007665188710696169 0.0 0.0;
1.0 0.0 0.2586076903744659 0.0 0.0 0.031425107138144774 0.015712553569072387 0.0 0.0;
0.0 0.0 0.7612465443578789 0.0 0.0 0.06308600017332605 0.031543000086663026 0.0 0.0;
0.5 0.0 0.7109826589595376 0.0 0.0 0.024105594605968193 0.012052797302984097 0.0 0.0;
0.0 1.0 0.2586076903744659 0.0 0.0 0.15216446768991498 0.5760822338449575 1.0 1.0;
1.0 0.0 0.32143754712239253 0.0 0.0 0.015411575213749286 0.007705787606874643 0.0 0.0;
1.0 0.0 0.34656948982156316 0.0 0.0 0.015094396337354966 0.007547198168677483 0.0 0.0;
0.0 0.0 1.0 0.0 0.0 0.05855610025741262 0.02927805012870631 0.0 0.0;
1.0 0.0 0.6355868308620256 0.0 0.0 0.013768881414528002 0.006884440707264001 0.0 0.0;
0.0 0.0 0.39683337521990447 0.0 0.0 0.05953203526170282 0.02976601763085141 0.0 0.0;
0.0 0.0 0.34656948982156316 0.0 0.0 0.0 0.0 0.0 0.0;
1.0 1.0 0.10781603417944208 0.375 0.3333333333333333 0.05445717323939373 0.5272285866196968 0.6666666666666667 0.625;
0.5 1.0 0.34656948982156316 0.0 0.0 0.025374310111545468 0.5126871550557728 1.0 1.0;
1.0 0.0 0.39683337521990447 0.0 0.0 0.015468569817999833 0.007734284908999916 0.0 0.0;
0.5 0.0 0.38426740387031916 0.125 0.16666666666666666 0.05123658772523604 0.02561829386261802 0.16666666666666666 0.125;
1.0 1.0 0.5099271173661725 0.0 0.8333333333333333 0.07746484096553544 0.5387324204827677 0.16666666666666674 1.0;
1.0 0.0 0.34656948982156316 0.125 0.0 0.031425107138144774 0.015712553569072387 0.0 0.125;
1.0 0.0 0.24604171902488062 0.0 0.0 0.015330377421392339 0.007665188710696169 0.0 0.0;
0.0 1.0 0.2963056044232219 0.0 0.0 0.13526459159462315 0.5676322957973116 1.0 1.0;
1.0 1.0 0.01985423473234481 0.375 0.3333333333333333 0.05445717323939373 0.5272285866196968 0.6666666666666667 0.625;
1.0 0.0 0.34656948982156316 0.0 0.0 0.11027245763075773 0.055136228815378864 0.0 0.0;
1.0 1.0 0.0041467705453631576 0.25 0.16666666666666666 0.03758969818624431 0.5187948490931221 0.8333333333333334 0.75;
0.0 0.0 0.5978889168132697 0.125 0.0 0.1497654242623688 0.0748827121311844 0.0 0.125;
1.0 0.0 0.2334757476752953 0.0 0.0 0.015411575213749286 0.007705787606874643 0.0 0.0;
0.0 0.0 0.6984166876099522 0.0 0.0 0.06929138530460494 0.03464569265230247 0.0 0.0;
1.0 0.0 0.34656948982156316 0.0 0.0 0.014736618564782174 0.007368309282391087 0.0 0.0;
1.0 1.0 0.2837396330736366 0.0 0.0 0.014736618564782174 0.5073683092823911 1.0 1.0;
1.0 0.0 0.34656948982156316 0.0 0.0 0.015411575213749286 0.007705787606874643 0.0 0.0;
0.5 1.0 0.22090977632571 0.0 0.16666666666666666 0.044893010197349675 0.5224465050986749 0.8333333333333334 1.0;
1.0 0.0 0.2586076903744659 0.0 0.0 0.01646070534336126 0.00823035267168063 0.0 0.0;
1.0 1.0 0.34656948982156316 0.0 0.0 0.015281580671177828 0.507640790335589 1.0 1.0;
1.0 1.0 0.22090977632571 0.0 0.0 0.013175122557917838 0.5065875612789589 1.0 1.0;
0.5 0.0 0.2963056044232219 0.25 0.0 0.1434624456306609 0.07173122281533045 0.0 0.25;
1.0 0.0 0.34656948982156316 0.0 0.0 0.015411575213749286 0.007705787606874643 0.0 0.0;
1.0 1.0 0.39683337521990447 0.125 0.16666666666666666 0.030253985132996517 0.5151269925664983 0.8333333333333334 0.875;
0.5 0.0 0.2837396330736366 0.0 0.0 0.025374310111545468 0.012687155055772734 0.0 0.0;
0.0 0.0 0.723548630309123 0.0 0.3333333333333333 0.22109807522194713 0.11054903761097357 0.3333333333333333 0.0;
0.0 0.0 0.6230208595124404 0.25 0.0 0.2608674266467732 0.1304337133233866 0.0 0.25;
1.0 0.0 0.49736114601658704 0.0 0.0 0.014102260811993537 0.007051130405996768 0.0 0.0;
0.0 0.0 0.5853229454636844 0.0 0.0 0.04994347384455151 0.024971736922275754 0.0 0.0;
1.0 0.0 0.4470972606182458 0.0 0.0 0.014630827210317117 0.0073154136051585585 0.0 0.0;
1.0 0.0 0.24604171902488062 0.125 0.0 0.015468569817999833 0.007734284908999916 0.0 0.125;
0.5 0.0 0.39683337521990447 0.25 0.0 0.1434624456306609 0.07173122281533045 0.0 0.25;
0.5 0.0 0.3088715757728072 0.0 0.0 0.025374310111545468 0.012687155055772734 0.0 0.0;
1.0 0.0 0.34656948982156316 0.0 0.0 0.015175789316712771 0.0075878946583563854 0.0 0.0;
1.0 0.0 0.5350590600653431 0.0 0.0 0.015712553569072387 0.007856276784536194 0.0 0.0;
0.0 1.0 0.34656948982156316 0.125 0.0 0.10149724044618187 0.5507486202230909 1.0 0.875;
0.5 1.0 0.49736114601658704 0.125 0.16666666666666666 0.07612293033463641 0.5380614651673182 0.8333333333333334 0.875;
0.0 0.0 0.38426740387031916 0.125 0.0 0.10149724044618187 0.050748620223090936 0.0 0.125;
0.5 0.0 0.8743402865041467 0.0 0.0 0.020494635090094415 0.010247317545047208 0.0 0.0;
0.5 0.0 0.38426740387031916 0.0 0.0 0.025374310111545468 0.012687155055772734 0.0 0.0;
0.5 0.0 0.34656948982156316 0.0 0.0 0.0 0.0 0.0 0.0;
1.0 0.0 0.22090977632571 0.0 0.0 0.015175789316712771 0.0075878946583563854 0.0 0.0;
1.0 0.0 0.30258859009801453 0.0 0.0 0.015712553569072387 0.007856276784536194 0.0 0.0;
1.0 1.0 0.22090977632571 0.0 0.0 0.019209719063445922 0.509604859531723 1.0 1.0;
1.0 1.0 0.5350590600653431 0.125 1.0 0.09154270340242172 0.5457713517012108 0.0 0.875;
0.0 0.0 0.4470972606182458 0.0 0.16666666666666666 1.0 0.5 0.16666666666666666 0.0;
1.0 1.0 0.34656948982156316 0.0 0.0 0.01588334219482317 0.5079416710974116 1.0 1.0;
0.0 0.0 0.33400351847197784 0.0 0.0 0.1497654242623688 0.0748827121311844 0.0 0.0;
1.0 0.0 0.24604171902488062 0.0 0.0 0.01800600082915438 0.00900300041457719 0.0 0.0;
1.0 0.0 0.17064589092736868 0.625 0.3333333333333333 0.09154270340242172 0.04577135170121086 0.3333333333333333 0.625;
0.5 0.0 0.7486805730082936 0.125 0.16666666666666666 0.07612293033463641 0.038061465167318204 0.16666666666666666 0.125;
0.5 0.0 0.3088715757728072 0.125 0.3333333333333333 0.08115719346076702 0.04057859673038351 0.3333333333333333 0.125;
1.0 0.0 0.17064589092736868 0.5 0.16666666666666666 0.07746484096553544 0.03873242048276772 0.16666666666666666 0.5;
1.0 0.0 0.2334757476752953 0.0 0.0 0.019852079483269742 0.009926039741634871 0.0 0.0;
1.0 0.0 0.22090977632571 0.0 0.0 0.015216388212891242 0.007608194106445621 0.0 0.0;
0.0 1.0 0.18321186227695402 0.0 0.16666666666666666 0.41250332793836464 0.7062516639691823 0.8333333333333334 1.0;
0.0 0.0 0.38426740387031916 0.125 0.0 0.11125659048908397 0.055628295244541985 0.0 0.125;
1.0 1.0 0.04498617743151546 0.0 0.16666666666666666 0.026187654344120927 0.5130938271720604 0.8333333333333334 1.0;
1.0 0.0 0.34656948982156316 0.0 0.0 0.11027245763075773 0.055136228815378864 0.0 0.0;
1.0 0.0 0.3088715757728072 0.0 0.0 0.014102260811993537 0.007051130405996768 0.0 0.0;
0.0 0.0 0.7486805730082936 0.0 0.0 0.051822148727810165 0.025911074363905082 0.0 0.0;
0.5 0.0 0.648152802211611 0.0 0.0 0.026350245115835676 0.013175122557917838 0.0 0.0;
1.0 0.0 0.5476250314149284 0.0 0.0 0.015712553569072387 0.007856276784536194 0.0 0.0;
1.0 1.0 0.34656948982156316 0.0 0.0 0.015094396337354966 0.5075471981686774 1.0 1.0;
0.0 0.0 0.610454888162855 0.125 0.16666666666666666 0.21642978772242535 0.10821489386121268 0.16666666666666666 0.125;
1.0 0.0 0.5224930887157577 0.0 0.0 0.014931805565640218 0.007465902782820109 0.0 0.0;
0.0 1.0 0.22090977632571 0.125 0.0 0.4440992237022602 0.7220496118511301 1.0 0.875;
0.0 0.0 0.4345312892686604 0.0 0.0 0.05130978285055781 0.025654891425278905 0.0 0.0;
1.0 1.0 0.22090977632571 0.0 0.16666666666666666 0.028212719478023115 0.5141063597390115 0.8333333333333334 1.0;
1.0 0.0 0.3088715757728072 0.0 0.0 0.015110792045427042 0.007555396022713521 0.0 0.0;
1.0 0.0 0.32143754712239253 0.125 0.0 0.015330377421392339 0.007665188710696169 0.0 0.125;
0.5 0.0 0.4847951746670017 0.0 0.0 0.050748620223090936 0.025374310111545468 0.0 0.0;
0.5 1.0 0.5601910027645137 0.0 0.0 0.026350245115835676 0.5131751225579179 1.0 1.0;
0.0 0.0 0.5224930887157577 0.0 0.0 0.05130978285055781 0.025654891425278905 0.0 0.0;
0.0 1.0 0.2711736617240512 0.0 0.0 0.29580589980036276 0.6479029499001814 1.0 1.0;
1.0 0.0 0.34656948982156316 0.125 0.16666666666666666 0.029757819776815374 0.014878909888407687 0.16666666666666666 0.125;
0.0 1.0 0.2963056044232219 0.0 0.0 0.09662576327876685 0.5483128816393834 1.0 1.0;
0.0 0.0 0.34656948982156316 0.0 0.0 0.051822148727810165 0.025911074363905082 0.0 0.0;
0.0 0.0 0.5978889168132697 0.125 0.0 0.10149724044618187 0.050748620223090936 0.0 0.125;
1.0 0.0 0.35913546117114853 0.0 0.0 0.018510168852370702 0.009255084426185351 0.0 0.0;
0.5 0.0 0.648152802211611 0.0 0.0 0.025374310111545468 0.012687155055772734 0.0 0.0;
1.0 0.0 0.2334757476752953 0.0 0.0 0.014931805565640218 0.007465902782820109 0.0 0.0;
0.0 1.0 0.4722292033174164 0.0 0.0 0.4440992237022602 0.7220496118511301 1.0 1.0;
0.5 1.0 0.33400351847197784 0.0 0.0 0.020494635090094415 0.5102473175450473 1.0 1.0;
1.0 0.0 0.34656948982156316 0.0 0.0 0.030253985132996517 0.015126992566498259 0.0 0.0;
1.0 0.0 0.4093993465694898 0.0 0.0 0.015175789316712771 0.0075878946583563854 0.0 0.0;
0.5 1.0 0.0701181201306861 0.0 0.16666666666666666 0.06441171028315387 0.5322058551415769 0.8333333333333334 1.0;
1.0 0.0 0.20834380497612465 0.125 0.0 0.013768881414528002 0.006884440707264001 0.0 0.125;
0.5 0.0 0.4219653179190751 0.0 0.0 0.025374310111545468 0.012687155055772734 0.0 0.0;
0.5 0.0 0.6230208595124404 0.0 0.0 0.025374310111545468 0.012687155055772734 0.0 0.0;
0.0 0.0 0.33400351847197784 0.125 0.0 0.10364429745562033 0.051822148727810165 0.0 0.125;
1.0 0.0 0.24604171902488062 0.0 0.0 0.016908073949327893 0.008454036974663947 0.0 0.0;
0.5 1.0 0.37170143252073384 0.375 0.0 0.04098927018018883 0.5204946350900944 1.0 0.625;
1.0 1.0 0.34656948982156316 0.0 0.0 0.015102594191391004 0.5075512970956955 1.0 1.0;
0.5 0.0 0.3088715757728072 0.125 0.0 0.050748620223090936 0.025374310111545468 0.0 0.125;
1.0 1.0 0.3088715757728072 0.125 0.0 0.015468569817999833 0.507734284909 1.0 0.875;
0.0 1.0 0.35913546117114853 0.0 0.0 0.41250332793836464 0.7062516639691823 1.0 1.0;
1.0 0.0 0.1329479768786127 0.0 0.0 0.036670757786204655 0.018335378893102328 0.0 0.0;
0.5 0.0 0.34656948982156316 0.0 0.0 0.0 0.0 0.0 0.0;
0.5 0.0 0.2837396330736366 0.0 0.0 0.025374310111545468 0.012687155055772734 0.0 0.0;
0.5 0.0 0.2837396330736366 0.0 0.0 0.025374310111545468 0.012687155055772734 0.0 0.0;
1.0 0.0 0.35285247549635584 0.0 0.0 0.031425107138144774 0.015712553569072387 0.0 0.0;
1.0 1.0 0.5978889168132697 0.125 0.5 0.06709553154495196 0.533547765772476 0.5 0.875;
0.0 0.0 0.4345312892686604 0.0 0.0 1.0 0.5 0.0 0.0;
1.0 0.0 0.34656948982156316 0.0 0.0 0.015411575213749286 0.007705787606874643 0.0 0.0;
1.0 0.0 0.34656948982156316 0.0 0.0 0.015411575213749286 0.007705787606874643 0.0 0.0;
0.0 0.0 0.34656948982156316 0.0 0.0 0.05855610025741262 0.02927805012870631 0.0 0.0;
0.0 0.0 0.4470972606182458 0.125 0.0 0.15390495017656614 0.07695247508828307 0.0 0.125;
0.0 1.0 0.2586076903744659 0.25 0.3333333333333333 0.5121218935012878 0.7560609467506438 0.6666666666666667 0.75;
1.0 0.0 0.2963056044232219 0.125 0.0 0.031425107138144774 0.015712553569072387 0.0 0.125;
1.0 0.0 0.38426740387031916 0.0 0.0 0.015468569817999833 0.007734284908999916 0.0 0.0;
0.0 0.0 0.8743402865041467 0.125 0.16666666666666666 0.13858277060920987 0.06929138530460494 0.16666666666666666 0.125;
1.0 0.0 0.19577783362653933 0.125 0.16666666666666666 0.03952536767375352 0.01976268383687676 0.16666666666666666 0.125;
0.5 1.0 0.37170143252073384 0.0 0.0 0.025374310111545468 0.5126871550557728 1.0 1.0;
0.0 0.0 0.2334757476752953 0.125 0.0 0.10364429745562033 0.051822148727810165 0.0 0.125;
1.0 0.0 0.38426740387031916 0.0 0.0 0.015126992566498259 0.007563496283249129 0.0 0.0;
0.5 1.0 0.04498617743151546 0.125 0.16666666666666666 0.044893010197349675 0.5224465050986749 0.8333333333333334 0.875;
1.0 0.0 0.0701181201306861 0.0 0.16666666666666666 0.024349578357040744 0.012174789178520372 0.16666666666666666 0.0;
1.0 0.0 0.4093993465694898 0.0 0.0 0.018542765081513996 0.009271382540756998 0.0 0.0;
1.0 0.0 0.2837396330736366 0.0 0.0 0.015411575213749286 0.007705787606874643 0.0 0.0;
0.5 1.0 0.5978889168132697 0.125 0.3333333333333333 0.12687155055772734 0.5634357752788637 0.6666666666666667 0.875;
0.5 0.0 0.003141492837396331 0.125 0.16666666666666666 0.028302115124416098 0.014151057562208049 0.16666666666666666 0.125;
1.0 0.0 0.34656948982156316 0.0 0.0 0.015216388212891242 0.007608194106445621 0.0 0.0;
0.5 0.0 0.22090977632571 0.0 0.0 0.022446505098674838 0.011223252549337419 0.0 0.0;
1.0 0.0 0.4219653179190751 0.0 0.0 0.015712553569072387 0.007856276784536194 0.0 0.0;
0.0 1.0 0.4093993465694898 0.0 0.0 0.16883675574220638 0.5844183778711032 1.0 1.0;
1.0 0.0 0.34656948982156316 0.0 0.0 0.028302115124416098 0.014151057562208049 0.0 0.0;
1.0 0.0 0.5099271173661725 0.0 0.0 0.013907073811135496 0.006953536905567748 0.0 0.0;
1.0 0.0 0.24604171902488062 0.0 0.0 0.014110458666029575 0.007055229333014787 0.0 0.0;
0.0 1.0 0.4470972606182458 0.125 0.3333333333333333 0.23422440102965048 0.6171122005148253 0.6666666666666667 0.875;
1.0 0.0 0.19577783362653933 0.0 0.0 0.015175789316712771 0.0075878946583563854 0.0 0.0;
0.0 1.0 0.6355868308620256 0.125 0.0 0.15216446768991498 0.5760822338449575 1.0 0.875;
0.0 0.0 0.34656948982156316 0.0 0.0 0.07729405233978466 0.03864702616989233 0.0 0.0;
1.0 1.0 0.3779844181955265 0.0 0.0 0.015126992566498259 0.5075634962832491 1.0 1.0;
1.0 0.0 0.34656948982156316 0.125 0.0 0.04713766070721715 0.023568830353608575 0.0 0.125;
1.0 0.0 0.39683337521990447 0.0 0.0 0.016322512946753766 0.008161256473376883 0.0 0.0;
1.0 0.0 0.2963056044232219 0.0 0.0 0.018542765081513996 0.009271382540756998 0.0 0.0;
1.0 0.0 0.5978889168132697 0.0 0.0 0.015330377421392339 0.007665188710696169 0.0 0.0;
0.5 1.0 0.7109826589595376 0.0 0.0 0.020494635090094415 0.5102473175450473 1.0 1.0;
1.0 0.0 0.34656948982156316 0.0 0.0 0.014102260811993537 0.007051130405996768 0.0 0.0;
0.5 1.0 0.6732847449107816 0.125 0.5 0.044893010197349675 0.5224465050986749 0.5 0.875;
1.0 0.0 0.22090977632571 0.0 0.0 0.015126992566498259 0.007563496283249129 0.0 0.0;
1.0 0.0 0.34656948982156316 0.0 0.0 0.015126992566498259 0.007563496283249129 0.0 0.0;
1.0 1.0 0.05755214878110078 0.0 0.0 0.024349578357040744 0.5121747891785203 1.0 1.0;
1.0 0.0 0.34656948982156316 0.0 0.0 0.015102594191391004 0.007551297095695502 0.0 0.0;
0.0 1.0 0.5350590600653431 0.0 0.16666666666666666 0.41250332793836464 0.7062516639691823 0.8333333333333334 1.0;
1.0 1.0 0.15807991957778336 0.0 0.0 0.014110458666029575 0.5070552293330148 1.0 1.0;
0.0 1.0 0.20834380497612465 0.125 0.0 0.11125659048908397 0.5556282952445419 1.0 0.875;
0.0 0.0 0.35913546117114853 0.0 0.0 0.05855610025741262 0.02927805012870631 0.0 0.0;
1.0 0.0 0.34656948982156316 0.125 0.3333333333333333 0.04577135170121086 0.02288567585060543 0.3333333333333333 0.125;
1.0 0.0 0.3088715757728072 0.0 0.0 0.013760683560491965 0.006880341780245982 0.0 0.0;
1.0 0.0 0.3088715757728072 0.0 0.0 0.014151057562208049 0.0070755287811040245 0.0 0.0;
1.0 1.0 0.22090977632571 0.0 0.0 0.014630827210317117 0.5073154136051585 1.0 1.0;
1.0 0.0 0.09525006282985675 0.5 0.16666666666666666 0.05684821399990475 0.028424106999952375 0.16666666666666666 0.5;
1.0 0.0 0.007288263382759488 0.125 0.3333333333333333 0.04015972542654215 0.020079862713271075 0.3333333333333333 0.125;
0.0 0.0 0.5727569741140991 0.0 0.0 0.15458810467956932 0.07729405233978466 0.0 0.0;
1.0 0.0 0.34656948982156316 0.0 0.0 0.015126992566498259 0.007563496283249129 0.0 0.0;
0.5 0.0 0.19577783362653933 0.0 0.0 0.050748620223090936 0.025374310111545468 0.0 0.0;
1.0 1.0 0.34656948982156316 1.0 0.3333333333333333 0.13575255909676825 0.5678762795483842 0.6666666666666667 0.0;
0.0 0.0 0.34656948982156316 0.0 0.0 0.05991421140938287 0.029957105704691435 0.0 0.0;
1.0 0.0 0.3088715757728072 0.0 0.0 0.015411575213749286 0.007705787606874643 0.0 0.0;
0.5 0.0 0.4847951746670017 0.0 0.0 0.025374310111545468 0.012687155055772734 0.0 0.0;
0.0 1.0 0.610454888162855 0.0 0.0 0.050610427826483444 0.5253052139132417 1.0 1.0;
1.0 1.0 0.38426740387031916 0.0 0.0 0.016948672845506364 0.5084743364227532 1.0 1.0;
1.0 0.0 0.37170143252073384 0.0 0.0 0.014110458666029575 0.007055229333014787 0.0 0.0;
1.0 1.0 0.37170143252073384 0.125 0.16666666666666666 0.04713766070721715 0.5235688303536086 0.8333333333333334 0.875;
0.5 0.0 0.4219653179190751 0.0 0.0 0.025374310111545468 0.012687155055772734 0.0 0.0;
0.5 1.0 0.38426740387031916 0.125 0.16666666666666666 0.05123658772523604 0.525618293862618 0.8333333333333334 0.875;
0.0 0.0 0.1329479768786127 0.125 0.3333333333333333 0.23422440102965048 0.11711220051482524 0.3333333333333333 0.125;
1.0 0.0 0.0 0.0 0.16666666666666666 0.016623491302076868 0.008311745651038434 0.16666666666666666 0.0;
1.0 0.0 0.33400351847197784 0.0 0.0 0.013614293309848433 0.0068071466549242165 0.0 0.0;
1.0 0.0 0.38426740387031916 0.0 0.0 0.015175789316712771 0.0075878946583563854 0.0 0.0;
0.0 0.0 0.4847951746670017 0.0 0.0 0.0 0.0 0.0 0.0;
1.0 1.0 0.22090977632571 0.0 0.0 0.015175789316712771 0.5075878946583564 1.0 1.0;
0.5 0.0 0.4847951746670017 0.0 0.0 0.025374310111545468 0.012687155055772734 0.0 0.0;
0.0 1.0 0.4093993465694898 0.125 0.0 0.10364429745562033 0.5518221487278102 1.0 0.875;
1.0 0.0 0.32143754712239253 0.0 0.0 0.015395374692678068 0.007697687346339034 0.0 0.0;
1.0 0.0 0.4847951746670017 0.0 0.0 0.04713766070721715 0.023568830353608575 0.0 0.0;
0.5 0.0 0.4345312892686604 0.0 0.0 0.020494635090094415 0.010247317545047208 0.0 0.0;
1.0 1.0 0.0701181201306861 0.5 0.3333333333333333 0.06104473451835265 0.5305223672591763 0.6666666666666667 0.5;
1.0 0.0 0.3779844181955265 0.0 0.0 0.015712553569072387 0.007856276784536194 0.0 0.0;
0.0 0.0 0.34656948982156316 0.0 0.0 0.0 0.0 0.0 0.0;
1.0 1.0 0.2837396330736366 0.0 0.0 0.015468569817999833 0.507734284909 1.0 1.0;
0.5 0.0 0.38426740387031916 0.125 0.16666666666666666 0.07222738817151159 0.03611369408575579 0.16666666666666666 0.125;
1.0 0.0 0.5350590600653431 0.0 0.0 0.012589561555343713 0.006294780777671856 0.0 0.0;
1.0 0.0 0.12038200552902739 0.375 0.3333333333333333 0.05445717323939373 0.027228586619696866 0.3333333333333333 0.375;
0.0 1.0 0.648152802211611 0.125 0.16666666666666666 0.18249984580226933 0.5912499229011347 0.8333333333333334 0.875;
1.0 0.0 0.33400351847197784 0.0 0.0 0.016908073949327893 0.008454036974663947 0.0 0.0;
0.0 0.0 0.4722292033174164 0.0 0.0 0.0 0.0 0.0 0.0;
1.0 1.0 0.33400351847197784 0.0 0.16666666666666666 0.024349578357040744 0.5121747891785203 0.8333333333333334 1.0;
1.0 0.0 0.01985423473234481 0.5 0.16666666666666666 0.07746484096553544 0.03873242048276772 0.16666666666666666 0.5;
1.0 0.0 0.34656948982156316 0.0 0.0 0.013565496559633922 0.006782748279816961 0.0 0.0;
1.0 0.0 0.34656948982156316 0.0 0.0 0.11027245763075773 0.055136228815378864 0.0 0.0;
0.5 0.0 0.007288263382759488 0.0 0.3333333333333333 0.07222738817151159 0.03611369408575579 0.3333333333333333 0.0;
1.0 0.0 0.34656948982156316 0.0 0.0 0.015126992566498259 0.007563496283249129 0.0 0.0;
0.0 1.0 0.7738125157074642 0.0 0.0 0.15614960068643363 0.5780748003432168 1.0 1.0;
1.0 1.0 0.18321186227695402 0.125 0.0 0.028212719478023115 0.5141063597390115 1.0 0.875;
0.5 0.0 0.005152048253329982 0.125 0.16666666666666666 0.03659756266088288 0.01829878133044144 0.16666666666666666 0.125;
1.0 0.0 0.34656948982156316 0.0 0.0 0.014110458666029575 0.007055229333014787 0.0 0.0;
1.0 0.0 0.2837396330736366 0.0 0.0 0.015330377421392339 0.007665188710696169 0.0 0.0;
1.0 0.0 0.22090977632571 0.0 0.0 0.016200521071217493 0.008100260535608746 0.0 0.0;
0.0 1.0 0.4847951746670017 0.125 0.16666666666666666 0.16231419173453318 0.5811570958672666 0.8333333333333334 0.875;
1.0 0.0 0.2586076903744659 0.0 0.0 0.016908073949327893 0.008454036974663947 0.0 0.0;
1.0 0.0 0.34656948982156316 0.0 0.0 0.015712553569072387 0.007856276784536194 0.0 0.0;
1.0 0.0 0.39683337521990447 0.0 0.0 0.11027245763075773 0.055136228815378864 0.0 0.0;
0.0 0.0 0.34656948982156316 0.0 0.0 0.057970539254838485 0.028985269627419243 0.0 0.0;
1.0 0.0 0.24604171902488062 0.0 0.0 0.015468569817999833 0.007734284908999916 0.0 0.0;
0.5 0.0 0.19577783362653933 0.0 0.0 0.020494635090094415 0.010247317545047208 0.0 0.0;
0.0 1.0 0.37170143252073384 0.0 0.0 0.060507970265993034 0.5302539851329965 1.0 1.0;
1.0 0.0 0.4282483035938678 0.0 0.0 0.012565163180236457 0.006282581590118228 0.0 0.0;
1.0 0.0 0.20834380497612465 0.0 0.0 0.016908073949327893 0.008454036974663947 0.0 0.0;
1.0 0.0 0.5224930887157577 0.0 0.0 0.014736618564782174 0.007368309282391087 0.0 0.0;
1.0 0.0 0.34656948982156316 1.0 0.3333333333333333 0.13575255909676825 0.06787627954838413 0.3333333333333333 1.0;
1.0 0.0 0.4345312892686604 0.0 0.0 0.015411575213749286 0.007705787606874643 0.0 0.0;
0.5 0.0 0.34656948982156316 0.0 0.16666666666666666 0.06441171028315387 0.032205855141576936 0.16666666666666666 0.0;
0.0 1.0 0.34656948982156316 0.125 0.0 0.17391981561855152 0.5869599078092758 1.0 0.875;
1.0 0.0 0.04498617743151546 0.5 0.3333333333333333 0.06104473451835265 0.030522367259176324 0.3333333333333333 0.5;
1.0 0.0 0.9246041719024881 0.0 0.0 0.015175789316712771 0.0075878946583563854 0.0 0.0;
1.0 1.0 0.10781603417944208 0.125 0.16666666666666666 0.029757819776815374 0.5148789098884077 0.8333333333333334 0.875;
0.0 1.0 0.19577783362653933 0.0 0.16666666666666666 0.07690367833806856 0.5384518391690343 0.8333333333333334 1.0;
0.5 1.0 0.5476250314149284 0.125 0.0 0.050748620223090936 0.5253743101115455 1.0 0.875;
1.0 1.0 0.22090977632571 0.0 0.16666666666666666 0.018249984580226933 0.5091249922901134 0.8333333333333334 1.0;
0.0 1.0 0.5601910027645137 0.125 0.16666666666666666 0.32179836714362564 0.6608991835718128 0.8333333333333334 0.875;
0.0 0.0 0.6355868308620256 0.0 0.0 0.051822148727810165 0.025911074363905082 0.0 0.0;
1.0 1.0 0.2963056044232219 0.0 0.5 0.03758969818624431 0.5187948490931221 0.5 1.0;
1.0 0.0 0.34656948982156316 0.0 0.0 0.014110458666029575 0.007055229333014787 0.0 0.0;
1.0 0.0 0.5099271173661725 0.25 0.0 0.027537567642055148 0.013768783821027574 0.0 0.25;
0.5 0.0 0.2586076903744659 0.125 0.0 0.022446505098674838 0.011223252549337419 0.0 0.125;
0.0 1.0 0.5978889168132697 0.0 0.0 0.050610427826483444 0.5253052139132417 1.0 1.0;
1.0 1.0 0.34656948982156316 1.0 0.3333333333333333 0.13575255909676825 0.5678762795483842 0.6666666666666667 0.0;
0.5 0.0 0.2963056044232219 0.0 0.0 0.025374310111545468 0.012687155055772734 0.0 0.0;
0.5 1.0 0.5224930887157577 0.0 0.0 0.025374310111545468 0.5126871550557728 1.0 1.0;
0.5 1.0 0.33400351847197784 0.125 0.0 0.027049600139910042 0.513524800069955 1.0 0.875;
0.0 0.0 0.38426740387031916 0.0 0.0 0.09856123757927521 0.049280618789637604 0.0 0.0;
1.0 0.0 0.34656948982156316 0.0 0.0 0.018542765081513996 0.009271382540756998 0.0 0.0;
1.0 0.0 0.04498617743151546 0.125 0.16666666666666666 0.021730754366528396 0.010865377183264198 0.16666666666666666 0.125;
1.0 0.0 0.32143754712239253 0.0 0.0 0.015411575213749286 0.007705787606874643 0.0 0.0;
0.0 1.0 0.5853229454636844 0.125 0.16666666666666666 0.10257896680493714 0.5512894834024685 0.8333333333333334 0.875;
0.0 0.0 0.4093993465694898 0.0 0.0 0.009759350042902102 0.004879675021451051 0.0 0.0;
1.0 0.0 0.5853229454636844 0.0 0.0 0.017566830077223785 0.008783415038611892 0.0 0.0;
0.5 1.0 0.34656948982156316 0.125 0.0 0.04684488020593009 0.523422440102965 1.0 0.875;
1.0 1.0 0.18321186227695402 0.0 0.0 0.014102260811993537 0.5070511304059968 1.0 1.0;
1.0 0.0 0.24604171902488062 0.0 0.0 0.019217721730481106 0.009608860865240553 0.0 0.0;
1.0 0.0 0.2334757476752953 0.0 0.0 0.015411575213749286 0.007705787606874643 0.0 0.0;
1.0 0.0 0.34656948982156316 0.0 0.0 0.015411575213749286 0.007705787606874643 0.0 0.0;
0.0 1.0 0.6984166876099522 0.0 0.16666666666666666 0.16231419173453318 0.5811570958672666 0.8333333333333334 1.0;
0.5 1.0 0.3088715757728072 0.0 0.16666666666666666 0.050748620223090936 0.5253743101115455 0.8333333333333334 1.0;
1.0 0.0 0.4093993465694898 0.0 0.0 0.015411575213749286 0.007705787606874643 0.0 0.0;
1.0 1.0 0.2711736617240512 0.0 0.0 0.02052723131923771 0.5102636156596189 1.0 1.0;
0.5 0.0 0.34656948982156316 0.0 0.0 0.020494635090094415 0.010247317545047208 0.0 0.0;
1.0 0.0 0.3088715757728072 0.0 0.0 0.013760683560491965 0.006880341780245982 0.0 0.0;
1.0 1.0 0.4847951746670017 0.0 0.8333333333333333 0.05684821399990475 0.5284241069999523 0.16666666666666674 1.0;
0.5 0.0 0.33400351847197784 0.0 0.0 0.025374310111545468 0.012687155055772734 0.0 0.0;
0.0 1.0 0.2334757476752953 0.0 0.0 0.05855610025741262 0.5292780501287063 1.0 1.0;
1.0 1.0 0.34656948982156316 0.125 0.3333333333333333 0.04577135170121086 0.5228856758506054 0.6666666666666667 0.875;
0.0 0.0 0.32143754712239253 0.0 0.0 0.05855610025741262 0.02927805012870631 0.0 0.0;
1.0 0.0 0.39683337521990447 0.0 0.0 0.015126992566498259 0.007563496283249129 0.0 0.0]

Y=
Vector{Any}([0, 1, 1, 1, 0, 0, 0, 0, 1, 1, 1, 1, 0, 0, 0, 1, 0, 1, 0, 1, 0, 1, 1, 1, 0, 1, 0, 0, 1, 0, 0, 1, 1, 0, 0, 0, 1, 0, 0, 1, 0, 0, 0, 1, 1, 0, 0, 1, 0, 0, 0, 0, 1, 1, 0, 1, 1, 0, 1, 0, 0, 1, 0, 0, 0, 1, 1, 0, 1, 0, 0, 0, 0, 0, 1, 0, 0, 0, 1, 1, 0, 1, 1, 0, 1, 1, 0, 0, 1, 0, 0, 0, 0, 0, 0, 0, 0, 1, 1, 0, 0, 0, 0, 0, 0, 0, 1, 1, 0, 1, 0, 0, 0, 0, 0, 0, 0, 0, 0, 0, 0, 0, 0, 1, 0, 1, 0, 1, 1, 0, 0, 0, 0, 1, 0, 0, 1, 0, 0, 0, 0, 1, 1, 0, 0, 0, 1, 0, 0, 0, 0, 1, 0, 0, 0, 0, 1, 0, 0, 0, 0, 1, 0, 0, 0, 1, 1, 0, 0, 0, 0, 0, 1, 0, 0, 0, 0, 0, 0, 0, 0, 0, 0, 1, 1, 0, 1, 1, 0, 0, 1, 0, 1, 1, 1, 1, 0, 0, 1, 0, 0, 0, 0, 0, 1, 0, 0, 1, 1, 1, 0, 1, 0, 0, 0, 1, 1, 0, 1, 0, 1, 0, 0, 0, 1, 0, 1, 0, 0, 0, 1, 0, 0, 1, 0, 0, 0, 1, 0, 0, 0, 1, 0, 0, 0, 0, 0, 1, 1, 0, 0, 0, 0, 0, 0, 1, 1, 1, 1, 1, 0, 1, 0, 0, 0, 0, 0, 1, 1, 1, 0, 1, 1, 0, 1, 1, 0, 0, 0, 1, 0, 0, 0, 1, 0, 0, 1, 0, 1, 1, 1, 1, 0, 0, 0, 0, 0, 0, 1, 1, 1, 1, 0, 1, 0, 1, 1, 1, 0, 1, 1, 1, 0, 0, 0, 1, 1, 0, 1, 1, 0, 0, 1, 1, 0, 1, 0, 1, 1, 1, 1, 0, 0, 0, 1, 0, 0, 1, 1, 0, 1, 1, 0, 0, 0, 1, 1, 1, 1, 0, 0, 0, 0, 0, 0, 0, 1, 0, 1, 1, 0, 0, 0, 0, 0, 0, 1, 1, 1, 1, 1, 0, 0, 0, 0, 1, 1, 0, 0, 0, 1, 1, 0, 1, 0, 0, 0, 1, 0, 1, 1, 1, 0, 1, 1, 0, 0, 0, 0, 1, 1, 0, 0, 0, 0, 0, 0, 1, 0, 0, 0, 0, 1, 0, 1, 0, 1, 1, 0, 0, 0, 0, 0, 0, 0, 0, 1, 1, 0, 1, 1, 1, 1, 0, 0, 1, 0, 1, 0, 0, 1, 0, 0, 1, 1, 1, 1, 1, 1, 1, 0, 0, 0, 1, 0, 1, 0, 1, 1, 0, 1, 0, 0, 0, 0, 0, 0, 0, 0, 1, 0, 0, 1, 1, 0, 0, 0, 0, 0, 1, 0, 0, 0, 1, 1, 0, 1, 0, 0, 1, 0, 0, 0, 0, 0, 0, 1, 0, 0, 0, 0, 0, 0, 0, 1, 0, 1, 1, 0, 1, 1, 0, 1, 1, 0, 0, 1, 0, 1, 0, 1, 0, 0, 1, 0, 0, 1, 0, 0, 0, 1, 0, 0, 1, 0, 1, 0, 1, 0, 1, 1, 0, 0, 1, 0, 0, 1, 1, 0, 1, 1, 0, 0, 1, 1, 0, 1, 0, 1, 1, 0, 0, 0, 0, 0, 0, 0, 0, 0, 1, 1, 1, 1, 1, 0, 0, 1, 1, 0, 1, 1, 1, 0, 0, 0, 1, 0, 1, 0, 0, 0, 1, 0, 0, 0, 0, 1, 0, 0, 1, 1, 0, 0, 0, 1, 0, 0, 1, 1, 1, 0, 0, 1, 0, 0, 1, 0, 0, 1, 0, 0, 1, 1, 0, 0, 0, 0, 1, 0, 0, 1, 0, 1, 0, 0, 1, 0, 0, 0, 0, 0, 1, 0, 1, 1, 1, 0, 1, 0, 1, 0, 1, 0, 1, 0, 0, 0, 0, 0, 0, 1, 0, 0, 0, 1, 0, 0, 0, 0, 1, 1, 0, 0, 1, 0, 0, 0, 1, 0, 1, 0, 1, 0, 0, 0, 0, 0, 0, 0, 1, 1, 1, 1, 0, 0, 0, 0, 1, 0, 0, 1, 1, 0, 0, 0, 0, 1, 1, 1, 1, 1, 0, 1, 0, 0, 0, 1, 1, 0, 0, 1, 0, 0, 0, 1, 0, 1, 1, 0, 0, 1, 0, 0, 0, 0, 0, 0, 1, 0, 0, 1, 0, 1, 0, 1, 0, 0, 1, 0, 0, 1, 1, 0, 0, 1, 1, 0, 0, 0, 1, 0, 0, 1, 1, 0, 1, 0, 0, 0, 0, 0, 0, 0, 0, 1, 0, 0, 1, 0, 1, 1, 1, 0, 0, 0, 0, 1, 0, 1, 0, 0, 0, 0, 0, 0, 0, 1, 1, 0, 0, 0, 1, 1, 1, 1, 0, 0, 0, 0, 1, 0, 0, 0, 0, 0, 0, 0, 0, 0, 0, 1, 1, 0, 1, 0, 0, 0, 1, 1, 1, 1, 1, 0, 0, 0, 1, 0, 0, 1, 1, 0, 0, 1, 0, 0, 0, 0, 0, 0, 1, 0, 0, 0, 1, 0, 1, 1, 1, 1, 0, 0, 0, 1, 0, 0, 1, 1, 0, 0, 1, 0, 1, 0, 0, 1, 1, 0, 0, 0, 1, 1, 0, 0, 0, 0, 0, 0, 1, 0, 1, 0])
